1   3.51601   36.2019   -35.991
2   10.3506   34.9132   -35.8134
3   17.5784   31.7166   -36.441
4   22.7211   28.0912   -36.1661
5   27.8405   22.6274   -35.5507
6   31.7401   17.1639   -36.0033
7   35.0355   10.6484   -36.0924
8   35.9045   3.68325   -35.7701
9   35.5584   -3.54197   -35.7389
10   35.0629   -10.5804   -36.7147
11   31.6486   -17.6018   -36.3109
12   28.2837   -23.2231   -36.6926
13   23.4187   -28.4696   -36.6101
14   16.8277   -31.7397   -35.7229
15   10.5803   -34.3311   -36.1354
16   3.58673   -36.6852   -36.4554
17   -3.43385   -36.0088   -36.3381
18   -10.2466   -34.3318   -36.2301
19   -17.2283   -32.6849   -36.6889
20   -22.8135   -27.83   -35.7093
21   -27.8657   -22.5672   -36.1721
22   -32.158   -16.938   -36.1186
23   -33.8394   -10.4793   -35.8314
24   -36.0905   -3.47187   -36.7877
25   -35.7868   3.35927   -36.0683
26   -34.244   10.025   -35.5752
27   -32.4151   16.9261   -36.1416
28   -27.8099   22.9122   -35.8563
29   -22.7422   27.4478   -36.0382
30   -16.8676   32.3768   -36.0745
31   -10.1691   34.888   -36.1297
32   -3.43232   36.7392   -36.5206
33   1.93945   38.6101   -28.2181
34   5.46567   38.2984   -28.5941
35   5.14371   38.1081   -31.5706
36   1.96932   36.9503   -30.3881
37   9.08511   36.5894   -27.6452
38   12.4455   35.7251   -27.7672
39   12.3299   35.4787   -30.6837
40   9.30865   35.9248   -30.8096
41   16.8924   35.323   -28.1099
42   19.7448   33.4663   -28.579
43   18.6455   31.8912   -30.8012
44   15.5341   33.1954   -30.2102
45   23.959   31.1632   -28.6638
46   25.8548   28.9181   -28.4556
47   24.7658   27.3673   -30.6105
48   22.7276   30.1997   -31.0015
49   28.4488   25.9892   -28.3175
50   30.5727   22.7185   -27.8997
51   29.6349   21.8971   -30.2443
52   27.1924   24.4725   -30.2478
53   33.7063   19.5709   -28.614
54   34.2367   16.6104   -28.0517
55   34.1282   16.1429   -30.4759
56   31.7372   18.6135   -30.3352
57   35.7636   12.4657   -27.6958
58   37.7465   9.59397   -28.3628
59   37.0565   9.28757   -31.4162
60   35.1558   12.0924   -30.9882
61   38.1654   4.94883   -28.273
62   38.0986   2.38282   -27.8502
63   37.2008   2.31733   -30.4373
64   36.0561   5.17149   -29.9361
65   37.3393   -2.14358   -27.7595
66   38.1876   -5.48773   -28.1826
67   36.1269   -5.29908   -30.0657
68   37.0217   -2.05143   -30.5308
69   36.191   -9.32149   -27.2027
70   35.8372   -12.4497   -27.8294
71   35.546   -12.5724   -30.8679
72   35.1288   -9.05535   -29.9269
73   34.6981   -16.6618   -28.4177
74   32.8324   -19.3552   -28.0863
75   32.0788   -19.2971   -31.2121
76   33.7097   -16.3609   -31.0685
77   31.4174   -23.2959   -28.6078
78   28.8042   -25.5194   -28.0718
79   27.6817   -24.8567   -30.7555
80   29.8084   -22.2631   -30.4351
81   25.8121   -28.6314   -28.0298
82   23.3262   -31.0004   -28.5301
83   22.3255   -30.2186   -30.2847
84   25.0864   -28.0996   -30.923
85   20.1673   -33.1457   -28.0053
86   16.6595   -34.7487   -28.1274
87   16.3222   -34.1045   -30.8599
88   18.8986   -32.0542   -30.8581
89   12.8873   -36.1041   -28.5135
90   9.08066   -37.4282   -27.894
91   9.40345   -35.1256   -30.4356
92   12.3878   -34.6364   -30.2478
93   5.10409   -36.5753   -27.2572
94   2.33183   -39.6663   -29.1481
95   2.22467   -38.1753   -31.2092
96   5.12133   -36.8185   -30.5037
97   -2.31742   -38.8325   -28.3389
98   -5.24035   -37.3478   -28.2515
99   -5.68091   -36.719   -30.6115
100   -1.88437   -37.3684   -30.6303
101   -9.99677   -37.2359   -28.2437
102   -12.8537   -36.3337   -28.5606
103   -11.9327   -34.1303   -29.9205
104   -8.98368   -35.759   -30.2968
105   -16.3395   -34.648   -27.8958
106   -19.6222   -32.982   -28.0429
107   -18.8197   -30.6489   -29.7917
108   -15.7493   -33.1222   -30.4251
109   -23.4422   -31.1743   -28.6008
110   -25.9404   -28.7828   -28.6562
111   -24.7403   -27.4744   -30.4791
112   -21.5836   -29.0109   -29.4267
113   -29.3133   -25.8972   -28.6844
114   -31.6523   -23.5264   -28.6359
115   -29.3455   -21.8871   -29.9156
116   -28.5752   -25.5855   -31.6425
117   -32.9366   -19.6873   -28.7553
118   -35.3652   -16.8788   -28.6847
119   -33.1761   -15.9274   -30.5011
120   -31.7864   -18.9102   -30.3768
121   -35.9187   -12.4994   -28.4241
122   -37.7066   -9.46603   -28.1899
123   -36.4021   -9.12086   -30.8296
124   -34.6119   -12.4018   -30.1056
125   -39.0648   -5.77578   -28.786
126   -37.0895   -1.64446   -27.6139
127   -36.8287   -1.65736   -30.6254
128   -37.031   -5.0988   -30.8708
129   -38.3109   2.31115   -28.4227
130   -37.3897   5.57913   -27.8319
131   -37.6207   5.51705   -30.9543
132   -36.8669   1.83672   -29.846
133   -37.2384   9.59038   -28.1402
134   -36.4776   12.7901   -28.1804
135   -35.5472   12.9834   -31.0958
136   -36.4   9.24052   -30.9493
137   -34.9855   17.0764   -28.1632
138   -33.2059   19.7088   -28.3571
139   -31.3733   18.98   -30.2605
140   -32.7933   15.68   -30.3896
141   -30.8419   22.4489   -28.0923
142   -29.1382   25.7161   -28.615
143   -26.8524   24.2499   -29.7799
144   -30.5478   22.8124   -31.1718
145   -25.8834   29.2497   -28.6147
146   -23.0647   30.9038   -28.1899
147   -21.9102   29.214   -30.7199
148   -25.3268   27.7033   -31.14
149   -19.488   32.9835   -28.2619
150   -16.6912   33.7932   -27.8224
151   -15.5481   32.9864   -30.2385
152   -18.8066   32.1598   -30.805
153   -12.4767   36.6497   -28.3853
154   -9.91906   39.0135   -29.1333
155   -9.26372   35.6394   -30.4639
156   -12.318   35.054   -30.8692
157   -5.1686   38.1723   -28.5704
158   -2.08989   37.9087   -27.6123
159   -2.21552   36.7538   -30.5706
160   -5.12091   36.61   -30.2792
161   1.90303   38.0535   -21.4679
162   5.39345   37.8289   -21.308
163   5.38049   36.9965   -23.6763
164   2.00492   37.1056   -23.9203
165   9.39661   37.0317   -21.5037
166   12.7624   35.8157   -21.1691
167   12.6417   34.5704   -23.5616
168   9.18792   36.6746   -24.2098
169   16.7241   34.8565   -21.856
170   20.0652   33.7766   -21.9617
171   19.2804   31.4256   -23.5971
172   15.4132   33.4228   -23.6506
173   23.1605   31.0717   -21.1643
174   25.5155   28.4983   -21.5168
175   24.8091   27.6076   -23.9659
176   22.4805   30.3911   -24.4824
177   28.5798   25.7805   -21.6034
178   31.2478   23.5949   -21.6525
179   29.4907   22.1946   -23.9534
180   27.7035   25.1883   -24.089
181   33.8107   19.738   -21.7235
182   34.5571   16.9831   -21.6925
183   33.3445   16.2919   -23.8454
184   31.7824   18.5794   -23.5728
185   35.639   12.2162   -21.6362
186   37.0047   9.50547   -21.2615
187   36.2458   9.09208   -24.095
188   35.1525   12.3502   -23.9498
189   38.7142   5.58934   -21.7297
190   38.5314   2.05028   -21.5374
191   37.8916   1.87844   -24.1518
192   37.3945   5.41531   -24.1037
193   38.9246   -2.08357   -22.2342
194   38.4421   -5.27835   -21.769
195   38.3183   -5.39097   -24.5591
196   37.7893   -2.071   -24.2133
197   37.3664   -9.51312   -21.4737
198   35.7154   -12.6047   -21.155
199   34.5535   -12.3394   -23.885
200   35.4427   -9.22917   -23.9204
201   35.7552   -16.9372   -21.7983
202   33.4081   -20.1693   -22.0069
203   32.1765   -19.345   -24.3171
204   32.9502   -16.0421   -23.9336
205   31.853   -23.5118   -22.0048
206   28.35   -25.592   -21.2519
207   27.7297   -25.2513   -24.3225
208   31.0918   -22.915   -24.3407
209   26.265   -29.0835   -22.1523
210   22.6471   -30.3266   -21.2907
211   22.5811   -30.2531   -24.1814
212   25.4992   -27.8461   -24.1549
213   19.5083   -32.7118   -21.1151
214   16.9955   -35.6171   -21.8334
215   16.1429   -33.9223   -24.3957
216   18.8874   -31.1704   -23.4691
217   12.9326   -36.3774   -21.7824
218   9.65177   -36.4314   -21.3678
219   8.94633   -35.951   -23.812
220   12.1335   -34.5348   -23.8801
221   5.34984   -37.6429   -21.2966
222   1.91584   -37.7183   -21.4131
223   1.69714   -36.8488   -23.4841
224   5.34403   -36.3052   -23.9219
225   -2.36855   -38.2004   -21.201
226   -5.41307   -37.6314   -21.2297
227   -5.42988   -35.8687   -23.3616
228   -1.7966   -36.7196   -23.7606
229   -9.52459   -36.3444   -21.1949
230   -12.8282   -35.7315   -21.395
231   -12.5438   -35.1515   -24.0885
232   -9.20452   -36.5307   -24.0415
233   -16.94   -34.0949   -21.0159
234   -19.5648   -32.7423   -21.3638
235   -19.4018   -32.2769   -24.1986
236   -15.7286   -33.4844   -23.8039
237   -23.2562   -30.4854   -21.8215
238   -25.7416   -28.7748   -21.453
239   -25.3685   -28.2068   -24.2367
240   -22.402   -30.1481   -24.6691
241   -28.4833   -25.4409   -21.1348
242   -30.8249   -23.5088   -21.7926
243   -29.6001   -22.0296   -23.7276
244   -27.842   -24.8524   -23.8284
245   -33.5002   -19.6545   -21.6997
246   -35.4417   -16.8318   -22.0058
247   -33.7661   -16.2634   -24.2289
248   -31.9231   -18.9114   -23.7895
249   -36.6454   -13.0107   -21.231
250   -36.7722   -9.79064   -21.374
251   -36.621   -9.54576   -24.5454
252   -35.6257   -12.7582   -23.9661
253   -38.1224   -5.22789   -21.72
254   -38.1357   -1.69536   -21.4374
255   -37.8373   -1.61502   -24.2083
256   -38.1351   -5.45584   -24.8731
257   -39.147   1.94349   -22.0263
258   -37.6283   5.28497   -21.1634
259   -36.3383   5.42821   -23.7475
260   -36.517   1.89043   -23.5803
261   -36.9563   9.72809   -21.3453
262   -36.57   12.7931   -21.2506
263   -35.8317   13.0434   -24.7409
264   -35.7548   9.35268   -23.7651
265   -34.3604   16.5297   -21.2923
266   -33.7656   19.8866   -21.8026
267   -32.7943   19.1528   -24.5902
268   -33.3395   16.1364   -23.5355
269   -30.2862   22.706   -20.9664
270   -27.9974   24.9904   -21.0799
271   -27.1029   24.2298   -23.4873
272   -30.186   23.0104   -24.0957
273   -25.9008   29.1409   -21.9376
274   -22.7673   30.7063   -21.2723
275   -22.4696   29.7365   -23.7007
276   -25.2461   27.4464   -24.0198
277   -19.9559   33.1394   -21.382
278   -16.344   34.8067   -21.3103
279   -16.0625   34.4849   -24.12
280   -19.2569   32.0636   -24.1751
281   -12.4703   36.1213   -21.4081
282   -10.1949   37.9958   -21.9
283   -9.38304   35.6353   -23.9274
284   -12.8509   35.4651   -24.4449
285   -5.0442   36.9882   -20.9112
286   -1.89522   37.8163   -21.3984
287   -2.21032   36.7308   -23.5301
288   -5.26608   37.2331   -23.8845
289   2.0527   38.7193   -15.3288
290   5.22605   38.2129   -15.3535
291   5.40965   37.4478   -17.7725
292   1.97438   37.8309   -17.8685
293   10.0089   38.5865   -15.5566
294   12.9409   37.1205   -15.282
295   12.8498   36.1223   -17.9753
296   9.46445   37.3071   -18.2582
297   16.2362   34.5215   -15.155
298   19.7603   33.05   -15.1379
299   19.0367   31.6606   -17.6048
300   15.656   32.5975   -17.0571
301   23.1542   30.9128   -15.3061
302   26.1   29.0369   -15.2957
303   25.0533   27.713   -17.4235
304   22.4166   29.9022   -17.7904
305   29.3009   26.2058   -15.5598
306   30.6865   22.9405   -15.1118
307   30.0721   22.4001   -17.8265
308   28.3649   25.2579   -17.9321
309   32.8934   19.7027   -14.9995
310   35.81   17.1399   -15.3098
311   33.9873   16.0177   -18.0266
312   32.4812   19.0853   -17.9021
313   37.0826   13.065   -15.5436
314   36.6232   9.35346   -15.3721
315   36.2536   9.25473   -17.6332
316   35.8774   12.8229   -18.1332
317   37.9342   5.18042   -15.1496
318   39.5115   1.86622   -15.8349
319   37.9363   2.19124   -17.9776
320   38.6443   5.71017   -18.4288
321   39.059   -2.13503   -15.4597
322   38.3712   -5.43406   -15.2627
323   37.1783   -5.41783   -17.712
324   39.6351   -2.23375   -18.7419
325   37.5142   -9.4941   -15.4998
326   36.8548   -12.818   -15.3941
327   35.4223   -12.5447   -17.8132
328   37.2703   -9.47121   -18.096
329   35.4442   -16.9275   -15.4483
330   33.7778   -19.8478   -15.6907
331   32.5611   -19.4891   -17.9771
332   34.8648   -16.8897   -18.4859
333   31.6694   -23.6865   -15.5166
334   29.0134   -26.3322   -15.1848
335   28.523   -25.175   -18.5114
336   31.0449   -22.799   -18.0336
337   25.9291   -28.9502   -15.4302
338   23.211   -30.997   -15.3304
339   22.4359   -30.0125   -17.9129
340   25.3681   -27.9626   -18.0442
341   20.2485   -34.4446   -15.7412
342   16.9396   -34.8194   -15.308
343   16.671   -35.0868   -18.1438
344   18.6492   -32.0927   -17.8183
345   13.1587   -36.8189   -15.7111
346   9.55004   -36.7381   -15.0129
347   9.25271   -36.1144   -17.6007
348   12.5492   -35.8016   -17.7574
349   5.73845   -37.5466   -15.0099
350   1.95735   -37.6745   -14.6642
351   1.99056   -37.0604   -17.4875
352   5.27651   -36.6814   -17.462
353   -2.45357   -37.3063   -15.2964
354   -5.25313   -38.5899   -15.6475
355   -5.3999   -37.2411   -17.9118
356   -1.9264   -37.1527   -17.6268
357   -9.39554   -37.06   -14.9571
358   -12.5922   -36.2224   -15.5541
359   -12.2662   -35.1229   -17.7449
360   -9.23577   -36.3737   -17.6426
361   -16.7579   -34.7708   -15.1417
362   -19.6252   -32.8666   -14.9929
363   -18.8424   -31.7481   -17.4457
364   -15.95   -33.9204   -17.7432
365   -23.1018   -30.4903   -15.1166
366   -25.4746   -28.7386   -15.3108
367   -25.2174   -27.976   -17.8935
368   -21.8899   -29.4977   -17.3073
369   -29.5759   -25.9525   -15.4518
370   -30.3805   -23.0861   -14.9615
371   -30.3984   -22.5226   -17.8811
372   -28.3822   -25.6818   -18.093
373   -33.2417   -19.121   -15.2086
374   -35.0432   -16.8127   -15.1932
375   -34.1309   -16.6688   -17.9652
376   -32.3524   -19.0828   -17.8526
377   -36.7693   -12.6478   -15.5024
378   -37.4686   -9.25745   -15.3182
379   -35.6918   -9.34439   -17.5301
380   -35.5059   -12.7001   -18.1993
381   -38.3654   -5.76702   -15.0415
382   -38.8493   -2.12347   -15.3037
383   -38.2885   -2.34806   -18.0803
384   -37.2573   -5.23114   -17.705
385   -37.9033   1.81568   -14.7781
386   -37.6105   5.38729   -15.1213
387   -37.3796   5.42312   -17.9292
388   -36.8419   1.38286   -17.8027
389   -36.8074   9.64288   -14.9654
390   -36.6348   12.8808   -15.0917
391   -35.1803   12.4611   -17.763
392   -35.8994   9.49534   -17.3929
393   -35.101   16.1987   -15.0407
394   -32.5924   19.4008   -14.9708
395   -31.8782   18.8787   -17.5358
396   -34.2015   16.5078   -17.9708
397   -31.1546   23.472   -15.1778
398   -29.9108   26.6207   -15.4078
399   -27.6971   25.1008   -17.975
400   -30.1355   22.8075   -17.8091
401   -26.4726   29.8733   -15.4925
402   -23.9938   32.0092   -15.8194
403   -22.2922   29.8416   -17.5088
404   -24.8647   27.8518   -17.41
405   -20.1488   33.6158   -15.2732
406   -16.3574   34.7229   -15.2212
407   -15.7629   33.2752   -17.0211
408   -18.7145   32.3836   -17.4803
409   -12.8508   36.2169   -15.0741
410   -9.83112   38.0834   -15.3394
411   -9.4131   36.9572   -17.496
412   -12.4076   35.5071   -17.7713
413   -5.19101   38.515   -15.1462
414   -2.10715   39.365   -15.6231
415   -1.8884   37.1413   -17.2721
416   -5.5477   37.4259   -17.4704
417   1.74475   37.8406   -8.59692
418   5.29823   37.0299   -8.6762
419   5.03841   36.8846   -11.6999
420   2.14833   38.3317   -12.0865
421   9.5755   37.794   -9.26408
422   12.5932   36.2885   -8.87284
423   12.566   35.499   -11.6853
424   9.48321   36.8803   -11.5481
425   16.5648   34.4716   -8.91676
426   19.7785   33.3487   -9.13547
427   19.1524   32.0768   -11.7759
428   16.15   34.264   -11.9083
429   22.331   30.327   -8.79871
430   25.3868   27.851   -8.81954
431   24.8445   27.6405   -11.6016
432   22.4825   30.0696   -11.6737
433   28.5797   25.6947   -8.95604
434   30.5198   23.2914   -8.87564
435   29.7318   22.1022   -11.5946
436   28.1486   25.0433   -11.4937
437   33.5055   19.6169   -9.24949
438   34.9853   16.9801   -9.25576
439   34.6481   16.4476   -11.7395
440   32.0872   19.0748   -11.9147
441   35.2093   12.3467   -8.6042
442   37.6935   9.43403   -9.08425
443   35.9061   9.51284   -11.5741
444   34.9832   12.0607   -11.6736
445   38.1223   5.42384   -8.97024
446   38.1896   1.92264   -8.85569
447   37.5857   2.23882   -11.7857
448   36.7674   5.12148   -11.7198
449   38.1603   -2.00475   -8.82927
450   37.9048   -5.29487   -8.97181
451   37.7731   -5.25752   -11.8095
452   38.1375   -2.08009   -11.9933
453   37.1896   -9.41281   -9.08385
454   36.184   -12.9877   -8.98058
455   35.8626   -12.7818   -11.82
456   36.0405   -9.1794   -11.5918
457   34.59   -16.5712   -9.12516
458   33.2618   -19.3909   -8.94307
459   33.223   -19.7786   -12.2999
460   34.5006   -16.2492   -11.8645
461   30.9796   -23.2779   -8.85466
462   29.3992   -26.3831   -9.38614
463   28.3528   -25.5408   -12.0276
464   29.91   -22.4162   -11.7869
465   25.1693   -27.5651   -8.6247
466   22.4694   -30.2309   -8.76599
467   22.2187   -29.9874   -11.2974
468   25.4829   -28.1606   -11.5539
469   19.0048   -32.3688   -8.70415
470   16.2922   -34.6836   -8.84628
471   16.4837   -34.9466   -11.7654
472   19.1669   -32.5316   -11.419
473   12.7753   -36.1855   -8.953
474   9.64302   -37.4193   -9.32367
475   9.08975   -35.7041   -11.1948
476   12.6999   -35.5083   -11.4989
477   5.40338   -37.6942   -8.97145
478   2.0222   -38.0365   -9.20294
479   1.38102   -36.7688   -11.3623
480   5.20015   -37.0341   -11.7564
481   -2.36259   -38.823   -8.93868
482   -5.72869   -38.5659   -8.92893
483   -5.16125   -36.738   -11.5737
484   -1.87914   -37.1251   -11.6634
485   -9.39897   -36.7556   -8.74317
486   -12.3735   -35.1759   -8.45075
487   -12.3846   -35.4687   -11.5942
488   -9.13263   -36.1606   -11.2751
489   -15.9572   -33.7232   -8.82143
490   -19.6722   -33.2903   -9.05527
491   -18.9627   -31.8886   -11.5169
492   -15.897   -33.9446   -11.9998
493   -23.5693   -31.6499   -9.18764
494   -25.3354   -28.0007   -8.76955
495   -25.265   -28.0565   -11.5461
496   -22.2829   -29.846   -11.3632
497   -28.7348   -25.7373   -9.01414
498   -30.9222   -23.0991   -9.09072
499   -30.5947   -22.7609   -12.0049
500   -27.8549   -25.2977   -11.7497
501   -32.4262   -19.4943   -8.77479
502   -33.946   -16.5049   -8.67664
503   -33.8669   -16.3975   -11.7714
504   -31.6594   -18.9927   -11.4975
505   -36.3464   -12.9003   -8.99876
506   -37.1254   -9.47551   -9.06441
507   -36.1453   -8.90169   -11.7812
508   -36.5116   -13.1429   -11.9222
509   -37.7168   -5.37084   -8.96827
510   -37.9056   -1.6792   -8.9179
511   -37.1132   -2.0969   -11.3727
512   -37.8017   -5.32945   -11.9754
513   -38.9162   2.10473   -9.17922
514   -38.0148   5.48301   -8.87504
515   -36.8474   5.26811   -11.7156
516   -37.5843   1.97844   -11.5076
517   -36.987   9.57594   -9.02461
518   -37.0253   12.8897   -9.24667
519   -34.177   11.9634   -11.48
520   -36.0551   9.18313   -11.6625
521   -35.1141   16.7376   -9.06355
522   -33.2319   19.5151   -9.03721
523   -32.1857   19.1456   -11.6861
524   -34.1915   16.1157   -11.5186
525   -31.0045   22.8627   -8.88895
526   -28.8665   25.83   -9.05401
527   -28.6516   25.6693   -11.9815
528   -30.0155   22.4207   -11.5578
529   -25.9701   28.9565   -9.44618
530   -23.3567   31.4021   -9.3108
531   -22.8974   30.276   -11.5656
532   -25.9918   28.7334   -12.1023
533   -19.9288   33.2919   -8.96578
534   -16.483   34.4686   -9.10513
535   -16.2757   33.7197   -11.5189
536   -19.4315   32.5972   -11.7385
537   -12.8263   36.6419   -9.09839
538   -9.80697   38.1509   -9.44673
539   -9.14159   35.7996   -11.5563
540   -12.7773   36.3603   -12.4037
541   -5.13575   37.6253   -9.01399
542   -2.00524   38.9825   -9.05749
543   -1.58491   37.4251   -11.5984
544   -5.11232   37.4465   -11.8817
545   1.85072   39.7522   -4.21457
546   5.56128   38.8332   -4.22224
547   5.49329   38.1916   -6.43149
548   1.66238   38.5306   -6.54296
549   9.66   37.882   -4.32681
550   13.1865   37.0663   -4.15218
551   12.7376   36.6726   -6.34749
552   9.43065   37.8279   -6.3204
553   17.188   35.282   -4.27128
554   20.7094   34.6271   -4.3652
555   19.7035   33.0073   -6.2908
556   16.5245   34.9685   -6.36148
557   23.9003   32.218   -4.41176
558   26.4156   29.3699   -4.48665
559   26.1565   28.6983   -6.42186
560   23.3363   31.3046   -6.36978
561   29.2304   26.4362   -4.26617
562   32.3389   23.9964   -4.26548
563   31.9574   23.8777   -6.7691
564   29.1052   26.4039   -6.52533
565   34.0742   20.4337   -4.25545
566   36.5449   17.0703   -4.36153
567   35.5153   16.8224   -6.26794
568   32.8384   19.7831   -6.25354
569   37.2095   13.2159   -4.49134
570   38.8708   9.87197   -4.46156
571   37.6661   9.80189   -6.28838
572   35.4894   12.8539   -6.12977
573   39.1557   5.58633   -4.39318
574   39.7836   2.28336   -4.35769
575   38.9827   1.8015   -6.52246
576   37.6695   5.27178   -6.25678
577   38.9717   -2.12793   -4.28602
578   38.6296   -5.64249   -4.12569
579   38.6961   -5.55047   -6.42845
580   38.179   -2.29817   -6.26409
581   38.3247   -9.93148   -4.39392
582   37.2366   -13.1572   -4.29752
583   37.4276   -13.4195   -6.56298
584   38.7965   -9.91063   -6.59795
585   34.877   -16.3985   -4.02364
586   34.3387   -20.3098   -4.41655
587   32.8956   -19.6344   -6.21157
588   35.6154   -17.0565   -6.43914
589   31.5085   -23.5008   -4.22454
590   28.5623   -25.5644   -4.28837
591   28.4649   -25.6264   -6.26143
592   29.8907   -22.4984   -6.29514
593   26.3882   -28.5609   -4.33404
594   22.8906   -30.1441   -4.18567
595   22.9873   -30.7938   -6.36149
596   25.6237   -28.4552   -6.22166
597   19.9143   -33.6169   -4.31372
598   16.9003   -35.5206   -4.31872
599   16.4292   -35.7382   -6.65079
600   19.6485   -32.9113   -6.30847
601   13.2955   -37.2043   -4.43455
602   10.1079   -39.032   -4.41064
603   9.60569   -37.5444   -6.39159
604   12.8264   -35.9748   -6.34917
605   5.47604   -38.7687   -4.26797
606   1.90033   -40.0553   -4.27578
607   1.90271   -38.6725   -6.41616
608   5.57739   -37.3717   -6.34419
609   -2.08173   -39.0906   -4.10094
610   -5.53764   -39.5627   -4.27369
611   -5.67826   -38.4802   -6.45268
612   -2.01131   -39.525   -6.43216
613   -10.1707   -39.2898   -4.25825
614   -13.3288   -37.5768   -4.45502
615   -12.9162   -36.3748   -6.57512
616   -9.7247   -37.8622   -6.47502
617   -16.8059   -34.9145   -4.18798
618   -19.9021   -33.4036   -4.31128
619   -19.3696   -32.4003   -6.31129
620   -16.7582   -34.9711   -6.19292
621   -23.1358   -31.4409   -4.23042
622   -26.8084   -29.5127   -4.38638
623   -25.7923   -28.6484   -6.2709
624   -23.0698   -31.3548   -6.44826
625   -29.4427   -26.4302   -4.31717
626   -30.9362   -23.1946   -4.05346
627   -31.9821   -23.579   -6.56187
628   -29.3901   -26.1471   -6.47456
629   -34.5666   -20.6249   -4.31747
630   -35.6753   -16.7071   -4.18279
631   -34.8411   -16.4625   -6.21293
632   -33.2299   -19.7158   -6.34891
633   -36.4359   -12.9823   -4.10001
634   -37.4595   -9.47897   -4.16746
635   -37.7105   -9.54177   -6.40161
636   -37.0092   -13.1983   -6.52854
637   -40.0337   -5.7977   -4.56112
638   -38.8903   -1.73208   -4.1567
639   -39.7607   -2.24754   -6.51459
640   -38.1331   -5.53369   -6.12942
641   -39.9015   2.00584   -4.34051
642   -38.5975   5.2587   -4.31388
643   -38.8007   5.42611   -6.4117
644   -38.6747   2.10989   -6.3167
645   -37.7003   9.52521   -4.15881
646   -36.5128   12.9271   -4.13926
647   -36.5252   12.9885   -6.19171
648   -39.4595   9.66399   -6.77558
649   -35.4989   16.5727   -4.20263
650   -34.6543   20.5092   -4.38059
651   -33.8746   19.6435   -6.24574
652   -35.2679   16.8054   -6.29694
653   -31.3959   23.4348   -4.12441
654   -29.1935   26.1538   -4.24273
655   -29.2849   26.2637   -6.84751
656   -31.2007   23.4439   -6.45285
657   -26.5853   29.5944   -4.19592
658   -23.2984   31.44   -4.21925
659   -23.3007   31.4769   -6.14589
660   -26.4845   29.2009   -6.33879
661   -20.2482   34.0015   -4.51426
662   -16.8075   35.4013   -4.24533
663   -16.8819   35.1415   -6.51063
664   -20.2589   34.0655   -6.53183
665   -13.2924   37.2216   -4.2569
666   -9.60257   37.9286   -4.19815
667   -9.50769   38.6128   -6.5921
668   -13.1571   37.0428   -6.47017
669   -5.27839   38.6615   -4.31691
670   -2.08849   39.6918   -4.28617
671   -1.85077   38.6737   -6.1846
672   -5.6123   37.6286   -6.13639
673   1.66391   40.3821   0.430334
674   5.62899   39.2138   0.324422
675   5.78192   39.4473   -1.98288
676   1.74728   39.3506   -2.09465
677   9.42986   37.6165   0.142616
678   13.1381   37.161   0.370386
679   13.3424   37.4005   -1.73495
680   9.58314   38.4295   -1.94024
681   16.9997   35.4085   0.33093
682   19.9169   33.5194   0.251395
683   19.8721   33.458   -1.79576
684   17.0822   36.2057   -2.13927
685   23.5962   31.4122   0.250699
686   27.1118   30.0122   0.206788
687   26.1106   28.9407   -1.83315
688   23.7009   31.697   -1.7494
689   29.552   26.6607   0.171412
690   31.9791   23.5186   0.442237
691   31.9132   23.7091   -2.00992
692   28.7902   26.1797   -1.95016
693   33.7576   20.1323   0.106335
694   35.0257   16.9455   0.447991
695   34.7132   16.7624   -1.7656
696   33.8918   20.2546   -1.75027
697   36.824   13.4545   0.201201
698   38.3511   9.45779   0.329287
699   38.1771   9.8285   -1.8896
700   36.686   13.0072   -1.96727
701   38.8793   5.58893   0.235596
702   38.8129   2.01307   0.264453
703   39.1458   2.01383   -1.85243
704   38.4665   5.56636   -1.69018
705   39.7137   -2.14422   0.101144
706   39.4288   -5.54289   0.48442
707   39.6597   -5.54391   -1.73092
708   40.1365   -2.17802   -1.8681
709   38.8264   -9.92534   0.432478
710   37.3631   -13.3108   0.328192
711   37.5555   -13.3862   -1.87277
712   38.3545   -9.78309   -1.96017
713   35.3539   -16.8685   0.276468
714   34.6021   -20.4935   0.330684
715   33.9688   -20.2966   -1.79968
716   35.8692   -17.0651   -1.83816
717   31.7964   -23.4223   0.367953
718   28.9952   -26.1582   0.355242
719   29.0057   -25.9059   -2.02333
720   31.1316   -23.1769   -1.6526
721   25.9   -29.1395   0.449449
722   23.536   -31.5425   0.407154
723   22.8085   -30.8304   -1.64896
724   26.0298   -28.5955   -1.88125
725   20.4987   -34.2509   0.33799
726   17.0954   -35.7228   0.324457
727   16.8558   -35.2312   -2.02796
728   20.4729   -34.0992   -1.87614
729   12.9377   -36.9087   0.320535
730   9.58079   -38.2361   0.417624
731   9.86401   -38.26   -1.85267
732   13.4304   -37.378   -1.93161
733   5.79637   -39.9691   0.232929
734   1.95063   -39.3141   0.257775
735   1.97111   -39.204   -1.99514
736   5.97857   -40.021   -2.02012
737   -1.77786   -38.7186   0.346043
738   -5.48186   -39.2356   0.223058
739   -5.59894   -38.9485   -1.70658
740   -1.96233   -39.3713   -1.95484
741   -9.66859   -37.915   0.255443
742   -13.4942   -37.2243   0.332887
743   -13.4359   -37.4323   -1.89289
744   -9.6382   -38.3977   -1.94034
745   -16.8019   -35.0504   0.463239
746   -20.1342   -33.7863   0.373765
747   -19.8992   -33.5848   -1.77299
748   -16.5097   -35.2284   -1.80538
749   -23.3952   -31.0229   0.421046
750   -25.2411   -28.045   0.340011
751   -26.3634   -28.9707   -1.87869
752   -23.187   -31.0789   -1.94051
753   -29.3472   -26.3541   0.451451
754   -31.9168   -23.4102   0.431678
755   -31.4203   -23.2482   -1.9577
756   -28.7576   -26.0081   -1.86994
757   -34.1695   -20.3596   0.0211575
758   -35.4554   -17.1805   0.501178
759   -34.9803   -16.6718   -1.8986
760   -33.6737   -20.2619   -1.8755
761   -37.8923   -13.1491   0.261756
762   -38.9188   -9.97591   0.342974
763   -37.5623   -9.52824   -1.9205
764   -36.9497   -13.4966   -1.91781
765   -39.1521   -5.80649   0.284211
766   -39.2216   -2.25725   0.251314
767   -38.6421   -1.93576   -1.79822
768   -38.7851   -5.78945   -2.01692
769   -40.1086   2.22017   0.258072
770   -39.6117   5.71054   0.281331
771   -39.0961   5.33519   -1.89903
772   -39.5735   2.19644   -2.13496
773   -38.2688   9.64874   0.451479
774   -37.3668   13.2871   0.304346
775   -36.3695   12.8479   -1.7703
776   -37.9679   9.71717   -1.9443
777   -35.8611   16.9636   0.362298
778   -33.5159   20.2067   0.287833
779   -33.646   19.9944   -1.85704
780   -34.9715   16.6295   -1.75433
781   -31.271   23.2791   0.343324
782   -29.2566   26.367   0.378077
783   -29.3354   26.6164   -1.9846
784   -31.4853   23.5418   -1.73506
785   -26.4251   29.0069   0.47481
786   -23.368   31.442   0.289331
787   -22.7732   30.4965   -1.65027
788   -26.4089   29.4131   -1.85854
789   -20.5035   34.4536   0.296551
790   -16.5104   35.0993   0.410008
791   -16.7757   34.9375   -1.82933
792   -20.1942   33.6775   -1.65219
793   -12.9518   37.2082   0.37283
794   -9.94063   38.6345   0.538313
795   -9.41379   37.5219   -1.90314
796   -13.2624   36.6168   -1.71006
797   -5.78341   40.049   0.393642
798   -1.91732   38.8166   0.267637
799   -2.12906   39.231   -1.77041
800   -5.25783   39.2275   -1.78674
801   1.9673   39.4437   4.34166
802   5.71074   39.6313   4.41034
803   5.8656   39.6048   2.52273
804   2.08783   38.9788   2.52978
805   9.85561   38.0535   4.46082
806   13.2433   37.3869   4.39296
807   13.3938   37.7983   2.3978
808   9.83834   38.9474   2.37822
809   17.5853   36.654   4.46994
810   20.2971   34.5882   4.39071
811   20.1123   33.7977   2.51274
812   16.6646   35.219   2.53939
813   24.1503   32.0119   4.42793
814   26.4009   29.5016   4.35939
815   26.1998   29.0771   2.41354
816   23.3182   31.36   2.41164
817   29.3159   26.0761   4.35751
818   31.4374   23.5092   4.29241
819   31.8066   23.3994   2.53129
820   29.7582   26.8537   2.56691
821   33.6251   20.1585   4.35402
822   35.4671   17.0236   4.36116
823   35.5345   17.0808   2.57248
824   34.0826   20.4752   2.56464
825   36.9793   13.1019   4.36668
826   38.3325   9.69896   4.35396
827   38.6434   9.89564   2.39868
828   37.0487   13.2987   2.58958
829   39.4545   5.7381   4.2973
830   39.2944   1.90352   4.3405
831   39.1194   2.15299   2.49359
832   39.8776   5.78405   2.52941
833   39.1421   -1.77198   4.43532
834   39.3799   -6.03133   4.3838
835   39.1567   -5.81779   2.52507
836   40.0651   -2.09816   2.4745
837   39.2714   -9.9732   4.5029
838   36.76   -13.114   4.23029
839   37.0349   -13.2041   2.48436
840   39.7279   -10.1538   2.59207
841   36.2132   -17.3333   4.42209
842   33.6701   -20.1058   4.23212
843   34.4726   -20.7984   2.52293
844   35.4347   -16.8712   2.42027
845   32.0601   -23.8961   4.49961
846   29.8786   -27.0086   4.57273
847   29.9062   -27.1164   2.53365
848   31.499   -23.7358   2.38398
849   26.3735   -29.2265   4.38413
850   23.6641   -31.5427   4.53612
851   23.8094   -32.1182   2.38172
852   26.7955   -29.6242   2.46494
853   20.413   -34.3683   4.38145
854   17.2533   -36.1257   4.33244
855   16.4024   -34.644   2.458
856   19.9786   -33.6957   2.49075
857   13.5929   -37.9482   4.51234
858   9.6549   -38.0012   4.46129
859   9.69828   -38.5387   2.61736
860   13.0749   -36.9182   2.50319
861   5.7655   -38.7385   4.44671
862   2.20157   -38.7227   4.28858
863   2.07869   -39.9769   2.48576
864   5.72874   -39.4429   2.53671
865   -1.97769   -39.6964   4.50639
866   -5.77216   -38.9685   4.36557
867   -5.66789   -38.9494   2.51212
868   -2.17928   -39.4876   2.60115
869   -9.91663   -39.0463   4.44195
870   -13.0819   -36.871   4.31263
871   -13.5662   -37.524   2.50685
872   -9.65113   -38.6785   2.58998
873   -17.7819   -36.5279   4.46834
874   -19.7828   -33.5367   4.33064
875   -20.1581   -33.6777   2.53414
876   -16.9347   -35.3888   2.43164
877   -23.6453   -31.5609   4.38408
878   -26.1898   -29.1312   4.28833
879   -26.3084   -29.0186   2.34542
880   -23.4114   -31.235   2.46512
881   -29.1108   -26.4636   4.36667
882   -31.6292   -23.5628   4.34969
883   -31.644   -23.6095   2.53597
884   -29.2683   -26.1838   2.5069
885   -34.0391   -20.1482   4.2778
886   -35.4773   -16.8087   4.32721
887   -35.8762   -17.097   2.37647
888   -33.6903   -19.6518   2.47604
889   -36.3319   -12.6873   4.18683
890   -38.5388   -9.71225   4.4103
891   -38.7364   -9.63469   2.50441
892   -36.7965   -13.2485   2.50816
893   -39.3711   -5.72555   4.33414
894   -39.4622   -2.04342   4.36151
895   -40.1648   -2.13352   2.34845
896   -38.9986   -5.52224   2.40613
897   -39.792   2.07733   4.43206
898   -39.1647   5.57082   4.3338
899   -38.6615   5.70606   2.53968
900   -40.0324   2.1031   2.49818
901   -37.5471   9.48729   4.2777
902   -37.6656   13.3961   4.38292
903   -36.2004   12.8777   2.44154
904   -38.3179   9.54567   2.49818
905   -35.4133   16.8803   4.41173
906   -34.4106   20.5188   4.36915
907   -33.4686   20.0543   2.53971
908   -36.258   17.2778   2.43644
909   -31.2323   23.3499   4.42747
910   -28.8678   26.3611   4.2911
911   -29.0932   26.442   2.52103
912   -31.1735   23.2257   2.39155
913   -26.7712   29.6604   4.50148
914   -23.4966   31.271   4.30709
915   -23.5489   31.3325   2.51637
916   -27.0312   29.5874   2.51831
917   -20.1703   33.975   4.37504
918   -17.1818   35.5317   4.46171
919   -17.4634   36.1983   2.64826
920   -19.807   33.4948   2.51433
921   -13.2717   37.5224   4.35378
922   -9.66492   38.3519   4.25337
923   -9.18785   37.7098   2.47521
924   -13.483   37.8172   2.59916
925   -5.5063   38.1686   4.43037
926   -1.91907   39.9588   4.44154
927   -2.06705   39.1562   2.57519
928   -5.61779   38.9488   2.54107
929   1.83148   38.3797   8.15204
930   5.362   38.3717   8.22937
931   5.689   39.7527   6.35327
932   2.15192   40.3775   6.51514
933   9.45651   37.1034   8.12216
934   12.7874   36.5427   8.20063
935   13.2302   37.5173   6.4261
936   9.39458   37.5804   6.34572
937   16.5033   34.6344   8.08596
938   19.653   33.1492   8.13936
939   20.7594   35.1596   6.65555
940   17.262   36.0372   6.46141
941   23.0902   31.1509   8.1058
942   25.8478   28.5633   8.15206
943   26.63   29.6535   6.46492
944   24.1667   32.3999   6.52694
945   28.848   25.8063   8.2715
946   30.877   23.0766   8.19953
947   31.5979   23.5434   6.46718
948   29.1655   26.0501   6.35478
949   33.6096   20.1009   8.22104
950   34.9618   16.8375   8.28282
951   35.3215   16.7816   6.39422
952   33.8824   20.1562   6.49655
953   36.145   12.8373   8.21846
954   37.6482   9.47243   8.29604
955   38.824   9.99286   6.42357
956   36.9258   13.0898   6.45533
957   37.8924   5.37272   8.10838
958   38.121   2.01759   8.11263
959   40.2672   2.19221   6.53125
960   39.6558   5.70859   6.5696
961   39.2929   -1.98691   8.29712
962   38.3365   -5.4812   8.1084
963   39.5129   -5.72234   6.42806
964   39.4872   -2.0316   6.47523
965   37.7703   -9.66135   8.16646
966   36.0873   -12.5858   8.18154
967   37.0635   -12.8359   6.46639
968   39.4778   -10.0771   6.54771
969   34.6309   -16.4814   8.12226
970   32.8313   -19.7452   8.20298
971   34.6144   -20.3962   6.48887
972   36.1237   -17.4032   6.56772
973   31.2066   -23.4528   8.24461
974   29.1839   -26.3608   8.31791
975   29.8396   -26.8234   6.55523
976   31.7957   -23.787   6.50607
977   25.483   -28.1985   8.09328
978   23.1353   -31.2229   8.2527
979   23.7901   -31.9261   6.59037
980   26.7284   -29.576   6.56544
981   20.3206   -33.8793   8.30547
982   16.7465   -35.097   8.28851
983   16.6813   -35.5751   6.53249
984   20.3529   -34.1921   6.52105
985   13.1238   -37.2317   8.38138
986   9.47996   -37.086   8.1332
987   9.36684   -37.8584   6.27076
988   13.2755   -37.4104   6.49517
989   5.4856   -38.5192   8.18997
990   2.02624   -37.5422   8.11153
991   1.97638   -38.2497   6.27837
992   5.73783   -38.5491   6.37526
993   -1.86437   -38.5765   8.26226
994   -5.60089   -38.4022   8.20446
995   -5.8459   -39.2756   6.52497
996   -1.92479   -39.283   6.4339
997   -9.20006   -36.5624   8.05603
998   -12.6515   -35.7768   8.11802
999   -13.1544   -37.2621   6.41737
1000   -10.0027   -38.9272   6.57645
1001   -16.4164   -34.6303   8.14908
1002   -19.8979   -33.2467   8.23499
1003   -19.6169   -33.3626   6.3465
1004   -17.174   -36.1203   6.50433
1005   -22.6754   -30.3772   7.97973
1006   -26.045   -28.4374   8.26975
1007   -26.2428   -29.0474   6.39688
1008   -23.5478   -31.5762   6.47455
1009   -28.2776   -25.8346   8.14821
1010   -30.9726   -22.9589   8.23206
1011   -31.9405   -23.6868   6.47842
1012   -29.0504   -26.5703   6.46018
1013   -33.3345   -19.6997   8.21372
1014   -35.0926   -16.6816   8.12967
1015   -36.1973   -17.1855   6.42971
1016   -33.656   -19.973   6.53626
1017   -35.975   -12.684   8.09608
1018   -37.1075   -9.44725   8.22779
1019   -38.4549   -9.73504   6.51996
1020   -36.6527   -12.8476   6.35996
1021   -38.6439   -5.55529   8.26413
1022   -38.2763   -1.87674   8.14047
1023   -38.8116   -2.04741   6.46668
1024   -39.029   -5.74175   6.48514
1025   -38.6764   2.04798   8.15731
1026   -37.7214   5.16146   8.07616
1027   -39.0724   5.74012   6.42797
1028   -39.1943   1.80872   6.42097
1029   -37.36   9.4721   8.1135
1030   -36.4234   12.9582   8.14658
1031   -38.3906   13.6725   6.5548
1032   -38.0471   9.63594   6.43059
1033   -34.6744   16.6496   8.09213
1034   -32.9821   19.512   7.93551
1035   -33.449   20.0708   6.38852
1036   -35.6778   17.0843   6.32958
1037   -31.2273   23.3111   8.21467
1038   -28.5942   25.6131   8.18318
1039   -29.4155   26.3933   6.4875
1040   -31.6191   23.6462   6.40836
1041   -25.9764   28.9237   8.17477
1042   -22.8153   30.6437   8.2067
1043   -23.848   31.8531   6.3839
1044   -26.1386   29.292   6.40559
1045   -20.0314   33.6582   8.29383
1046   -16.6187   34.9906   8.25821
1047   -17.0205   35.6477   6.51463
1048   -20.5939   34.3006   6.42206
1049   -12.6919   36.1917   8.22463
1050   -9.29153   37.0824   7.9875
1051   -9.74483   39.3932   6.61792
1052   -13.2041   37.0587   6.406
1053   -5.67089   37.6875   8.07422
1054   -1.86108   38.0952   8.15923
1055   -2.09412   39.7458   6.49682
1056   -5.75497   39.1141   6.45735
1057   1.94555   36.5884   11.5748
1058   5.40759   36.3373   11.5414
1059   5.33369   37.5354   10.1071
1060   2.03352   37.336   9.9026
1061   9.05099   35.3541   11.5159
1062   12.3531   34.6414   11.6189
1063   12.7531   35.6518   10.0135
1064   9.17158   36.258   10.0198
1065   15.6355   32.7596   11.4795
1066   18.7048   31.3452   11.6123
1067   19.1749   32.4498   10.0011
1068   16.2448   33.912   10.0859
1069   21.5969   28.9543   11.4196
1070   24.7232   27.4248   11.6105
1071   25.362   28.2331   10.0757
1072   22.5917   30.0797   9.93526
1073   27.3559   24.7456   11.5926
1074   29.5867   22.0924   11.6868
1075   30.2685   22.6266   9.9943
1076   28.0304   25.2673   10.067
1077   31.3179   18.7761   11.5316
1078   33.3388   15.938   11.5756
1079   34.4012   16.6055   10.1631
1080   32.4924   19.2965   9.94703
1081   34.985   12.4371   11.7466
1082   35.516   9.06925   11.6157
1083   36.6778   9.33736   10.1675
1084   35.6799   12.6562   10.0261
1085   36.1711   5.26101   11.5423
1086   36.6595   1.9343   11.5897
1087   38.0339   2.0394   10.1217
1088   36.9072   5.38714   9.81368
1089   36.9888   -1.83446   11.6831
1090   37.1383   -5.40483   11.6788
1091   36.5885   -5.2874   9.86089
1092   37.6457   -1.95267   9.99872
1093   35.2068   -8.94254   11.4646
1094   35.1811   -12.4258   11.7875
1095   35.5662   -12.7311   10.0345
1096   37.0424   -9.61043   10.0865
1097   33.0446   -15.8366   11.5026
1098   31.3616   -18.6346   11.5719
1099   32.3271   -19.2531   10.0318
1100   34.3169   -16.3168   10.1032
1101   29.1833   -21.752   11.5
1102   27.1079   -24.31   11.4545
1103   28.1634   -25.3675   10.0124
1104   30.1176   -22.3973   9.9763
1105   25.0195   -27.8189   11.7019
1106   22.0935   -29.5219   11.6479
1107   22.5059   -30.1438   10.0316
1108   25.2442   -27.9933   9.9574
1109   18.8414   -31.3868   11.5319
1110   15.4486   -32.7624   11.3746
1111   16.0387   -33.8096   9.91846
1112   19.5488   -32.9989   10.1418
1113   12.1254   -34.159   11.423
1114   8.90803   -35.3817   11.5353
1115   9.4286   -37.328   10.1145
1116   12.6777   -35.6191   10.0307
1117   5.5289   -36.7705   11.6593
1118   1.90079   -36.5054   11.5392
1119   1.89577   -37.8685   10.0641
1120   5.22448   -36.6399   9.91047
1121   -1.96098   -36.3315   11.5206
1122   -5.33792   -36.432   11.5782
1123   -5.39928   -37.3978   10.026
1124   -1.95345   -37.5403   10.0169
1125   -8.98514   -35.3398   11.5192
1126   -12.3492   -34.6931   11.5869
1127   -12.7361   -35.7521   10.1301
1128   -9.16963   -36.4257   9.93987
1129   -15.8424   -33.0612   11.5416
1130   -18.7253   -31.4648   11.5567
1131   -19.6455   -33.0655   10.1512
1132   -16.3179   -33.9649   9.89596
1133   -21.8467   -29.3138   11.5191
1134   -24.378   -26.902   11.4959
1135   -25.3654   -28.3222   10.1115
1136   -22.5392   -30.4305   10.001
1137   -27.2065   -24.5247   11.5464
1138   -29.0462   -21.6343   11.4397
1139   -30.2276   -22.469   9.97188
1140   -27.5801   -24.773   9.89469
1141   -32.1679   -19.2319   11.7451
1142   -32.6159   -15.4638   11.3937
1143   -34.531   -16.455   10.0885
1144   -33.2077   -19.7729   10.2034
1145   -34.5618   -12.2015   11.5626
1146   -35.817   -9.06631   11.588
1147   -36.9521   -9.44847   10.0592
1148   -35.3999   -12.6245   10.0025
1149   -36.4269   -5.29339   11.541
1150   -36.7907   -1.76396   11.5976
1151   -37.7561   -1.81314   10.0668
1152   -38.0077   -5.48931   10.0531
1153   -36.1127   1.84726   11.4258
1154   -36.2618   5.34729   11.4695
1155   -36.6291   5.39154   9.86885
1156   -37.2385   1.79795   9.83908
1157   -35.772   9.02382   11.6987
1158   -34.3774   12.1187   11.506
1159   -35.4819   12.4237   9.94872
1160   -35.6164   9.13599   9.79413
1161   -32.8804   15.6891   11.5102
1162   -31.2572   18.6107   11.4888
1163   -32.1256   19.0942   9.93346
1164   -33.6687   15.8679   9.90894
1165   -29.4785   21.9939   11.566
1166   -26.8754   24.404   11.4549
1167   -28.1924   25.5949   10.0538
1168   -30.5092   22.6817   10.0123
1169   -24.7895   27.4269   11.6117
1170   -22.0492   29.582   11.6132
1171   -22.586   30.3503   10.0431
1172   -25.4208   28.3225   10.0918
1173   -18.8858   31.9669   11.6957
1174   -15.6711   32.8979   11.5369
1175   -16.3992   34.2046   10.158
1176   -19.365   32.5329   10.044
1177   -12.3209   34.6706   11.6305
1178   -9.11154   35.8207   11.6176
1179   -9.22618   36.2652   10.0327
1180   -12.9102   36.1427   10.1443
1181   -5.2731   36.0472   11.5097
1182   -1.80105   36.774   11.5346
1183   -1.99185   37.8752   10.0223
1184   -5.47609   37.3446   10.0689
1185   1.89945   36.5804   15.3312
1186   5.20889   36.2186   15.2641
1187   5.25801   36.8743   13.6966
1188   1.96293   36.7355   13.5319
1189   9.10494   35.5739   15.3002
1190   12.1724   34.3186   15.1962
1191   12.2017   34.811   13.5456
1192   9.15405   35.9315   13.6414
1193   15.9119   33.3275   15.3753
1194   18.7395   31.5161   15.274
1195   18.8641   31.7862   13.599
1196   15.7302   32.8766   13.4214
1197   21.9198   29.3395   15.2636
1198   24.6163   27.303   15.3745
1199   24.995   27.9293   13.6925
1200   22.1209   29.6156   13.6224
1201   27.3837   24.5529   15.3285
1202   29.3357   21.9332   15.2753
1203   29.1769   21.8711   13.4377
1204   27.4195   24.6159   13.5572
1205   31.5316   18.7787   15.3169
1206   33.2663   15.7766   15.4116
1207   33.7336   16.0164   13.69
1208   31.701   18.8714   13.515
1209   34.9511   12.2569   15.4601
1210   35.729   9.0742   15.3935
1211   35.6956   9.21561   13.5687
1212   34.9775   12.4562   13.6372
1213   36.6147   5.37384   15.4466
1214   36.8391   1.91743   15.3721
1215   37.0236   1.99947   13.698
1216   37.1364   5.36527   13.7269
1217   36.6414   -1.84531   15.2916
1218   35.9731   -5.17979   15.16
1219   36.5291   -5.1881   13.5515
1220   36.6047   -1.96959   13.5639
1221   35.6236   -8.9842   15.3688
1222   34.6884   -12.3118   15.3472
1223   35.0751   -12.4419   13.7185
1224   35.6751   -9.17397   13.5835
1225   33.3018   -15.9347   15.4289
1226   31.521   -18.7734   15.3956
1227   31.3071   -18.7243   13.4636
1228   32.9361   -15.6653   13.4378
1229   29.4842   -22.1175   15.3963
1230   27.6195   -24.7919   15.4848
1231   27.6234   -24.737   13.657
1232   29.4971   -22.1132   13.5523
1233   25.0764   -27.8086   15.5896
1234   22.1071   -29.5087   15.4349
1235   22.3314   -29.8537   13.6658
1236   24.6797   -27.3708   13.5854
1237   18.6298   -31.4391   15.2986
1238   15.7463   -32.9801   15.2446
1239   16.0297   -33.4098   13.6245
1240   19.077   -32.2758   13.7515
1241   12.3435   -34.8245   15.4289
1242   8.95155   -35.5296   15.3228
1243   8.97113   -35.5014   13.4683
1244   12.2994   -34.82   13.6075
1245   5.17802   -36.153   15.257
1246   2.02852   -36.5475   15.3335
1247   2.04533   -36.7572   13.5868
1248   5.32528   -37.1831   13.8027
1249   -2.00267   -36.4846   15.2828
1250   -5.31544   -36.3347   15.301
1251   -5.27553   -36.732   13.6371
1252   -2.07844   -37.1187   13.6663
1253   -9.13639   -35.6831   15.3644
1254   -12.0668   -34.2427   15.1668
1255   -12.1073   -34.4803   13.4116
1256   -9.12402   -35.5345   13.4873
1257   -15.8524   -33.251   15.4256
1258   -18.7789   -31.6471   15.3387
1259   -18.959   -31.8346   13.5889
1260   -16.1881   -33.6877   13.7613
1261   -21.682   -29.0785   15.1992
1262   -24.5404   -27.4749   15.4007
1263   -25.0422   -27.8099   13.714
1264   -22.3253   -29.6932   13.6386
1265   -27.0739   -24.446   15.1959
1266   -29.251   -22.0232   15.2815
1267   -29.6517   -22.2405   13.6366
1268   -27.6537   -24.9729   13.7234
1269   -31.1978   -18.6212   15.1612
1270   -33.1341   -15.7342   15.3012
1271   -32.7209   -15.6575   13.3896
1272   -31.766   -18.983   13.6015
1273   -34.2111   -12.1494   15.198
1274   -35.7346   -9.03785   15.3921
1275   -35.791   -9.09634   13.626
1276   -35.2083   -12.3314   13.7015
1277   -36.1517   -5.25519   15.2781
1278   -36.8248   -1.8737   15.4097
1279   -36.8993   -1.98434   13.6272
1280   -36.9167   -5.35912   13.7086
1281   -36.9646   2.01428   15.3913
1282   -35.9043   5.11797   15.1487
1283   -36.3248   5.23957   13.4708
1284   -36.689   1.90127   13.5011
1285   -35.5109   9.04834   15.3606
1286   -34.3101   12.1498   15.2587
1287   -35.021   12.4252   13.7326
1288   -35.7119   9.00085   13.5431
1289   -33.2949   15.8546   15.4068
1290   -31.4716   18.5586   15.262
1291   -32.3522   19.2131   13.7572
1292   -33.3237   15.8845   13.6466
1293   -29.2273   21.727   15.2063
1294   -27.1244   24.3755   15.2406
1295   -27.3883   24.4841   13.5823
1296   -29.5006   21.994   13.5569
1297   -24.4844   27.1756   15.2849
1298   -22.2006   29.8087   15.4959
1299   -22.1832   29.6726   13.6957
1300   -24.5883   27.3723   13.5155
1301   -18.4523   31.0845   15.1283
1302   -15.7777   32.8545   15.2301
1303   -15.8314   33.0121   13.4631
1304   -19.0307   31.9389   13.6201
1305   -12.2578   34.5609   15.3413
1306   -9.12503   35.7729   15.4132
1307   -9.22515   36.0476   13.713
1308   -12.2986   34.5927   13.4961
1309   -5.14281   36.2246   15.2346
1310   -1.94156   36.8538   15.4248
1311   -1.93853   36.9801   13.6206
1312   -5.20893   36.6369   13.6045
1313   1.9822   37.4134   19.563
1314   5.36411   36.9033   19.5207
1315   5.34033   37.0527   17.67
1316   1.95255   37.343   17.6935
1317   9.12206   35.7231   19.3125
1318   12.3764   34.84   19.3325
1319   12.2978   34.901   17.4437
1320   9.26887   36.5482   17.7148
1321   15.8574   33.4741   19.3713
1322   19.2323   32.1816   19.5944
1323   19.1955   32.1164   17.6068
1324   16.1116   33.7497   17.5984
1325   22.4645   29.9662   19.6177
1326   25.0656   27.7874   19.5794
1327   25.2005   27.9712   17.6829
1328   22.4396   29.84   17.6253
1329   28.1991   25.2795   19.7492
1330   29.9282   22.2211   19.455
1331   29.8432   22.3534   17.5656
1332   28.1553   25.5498   17.8195
1333   31.6578   18.9182   19.2631
1334   34.1437   16.3773   19.7619
1335   34.0807   16.2703   17.7543
1336   32.0464   19.1408   17.5783
1337   34.5524   12.3003   19.2356
1338   35.9221   9.24105   19.3773
1339   36.261   9.32577   17.6413
1340   35.7758   12.6496   17.8137
1341   36.7619   5.35887   19.4345
1342   36.9957   2.01648   19.3929
1343   37.6686   1.98021   17.7699
1344   36.9498   5.25187   17.5408
1345   37.4285   -1.86853   19.6268
1346   37.1007   -5.34396   19.5484
1347   36.5759   -5.26049   17.4542
1348   37.4142   -2.00892   17.6876
1349   36.0453   -9.23495   19.4988
1350   35.3159   -12.4907   19.5308
1351   35.6735   -12.6355   17.7894
1352   36.2156   -9.30607   17.6913
1353   33.5775   -16.0446   19.453
1354   32.096   -19.1106   19.5522
1355   32.5988   -19.4362   17.808
1356   33.6718   -16.0727   17.6004
1357   30.077   -22.562   19.6349
1358   27.8199   -25.0927   19.5298
1359   27.9405   -25.1288   17.6861
1360   30.0418   -22.4812   17.6755
1361   24.9963   -27.7245   19.487
1362   22.1731   -29.78   19.4704
1363   22.4886   -30.0777   17.6516
1364   25.3352   -28.0894   17.7856
1365   19.0817   -32.1448   19.4842
1366   16.0174   -33.4633   19.397
1367   16.3364   -34.1029   17.8183
1368   18.9249   -31.8937   17.449
1369   12.4811   -35.0074   19.4344
1370   9.114   -35.8646   19.3672
1371   9.15673   -36.3079   17.6582
1372   12.4038   -35.1661   17.5514
1373   5.45647   -37.0979   19.6111
1374   2.01221   -37.1733   19.4715
1375   1.91692   -37.6529   17.7164
1376   5.3876   -37.5843   17.8391
1377   -1.94511   -37.4331   19.515
1378   -5.29033   -36.845   19.4789
1379   -5.37899   -37.1551   17.7097
1380   -1.89982   -37.1982   17.517
1381   -9.17948   -36.2532   19.5182
1382   -12.3236   -34.9882   19.3455
1383   -12.4226   -35.4323   17.6284
1384   -9.20505   -35.9687   17.4773
1385   -16.3595   -34.0351   19.7327
1386   -19.0991   -31.8949   19.5079
1387   -19.1746   -32.3102   17.6638
1388   -16.127   -33.7947   17.5849
1389   -22.358   -30.0003   19.5945
1390   -24.7806   -27.4496   19.4003
1391   -25.2024   -27.9975   17.69
1392   -22.3081   -29.8122   17.4743
1393   -27.8055   -25.0072   19.5288
1394   -29.79   -22.2006   19.5023
1395   -30.1378   -22.5654   17.7287
1396   -27.9738   -25.1806   17.7069
1397   -32.0963   -19.1355   19.4954
1398   -33.2936   -15.918   19.2595
1399   -33.4102   -15.9818   17.4912
1400   -32.1062   -19.1019   17.6105
1401   -35.3623   -12.5571   19.5752
1402   -35.9683   -9.12106   19.4531
1403   -36.3803   -9.2068   17.679
1404   -35.313   -12.4294   17.6476
1405   -37.3989   -5.34327   19.6846
1406   -37.114   -1.95647   19.4048
1407   -37.0932   -1.94724   17.5429
1408   -36.7413   -5.31751   17.5185
1409   -37.4012   1.96453   19.4876
1410   -37.0628   5.33614   19.5035
1411   -36.738   5.30563   17.5076
1412   -37.7178   2.01719   17.7918
1413   -36.7762   9.24875   19.8148
1414   -35.1883   12.5952   19.5541
1415   -35.4466   12.5023   17.6441
1416   -36.3647   9.27659   17.6101
1417   -33.6293   16.105   19.4716
1418   -32.0872   19.1351   19.4809
1419   -32.163   19.0668   17.6205
1420   -33.6357   15.9275   17.5796
1421   -29.7492   22.1256   19.3866
1422   -27.4108   24.8414   19.2892
1423   -27.892   25.0133   17.6172
1424   -30.1131   22.5057   17.644
1425   -24.868   27.8982   19.5353
1426   -22.4399   30.0436   19.6349
1427   -22.7377   30.386   17.865
1428   -25.1786   28.0571   17.7662
1429   -19.0689   31.9826   19.4783
1430   -15.851   33.2369   19.2913
1431   -16.2758   33.7801   17.6682
1432   -18.878   31.8559   17.437
1433   -12.5119   35.2041   19.4905
1434   -9.13832   36.0521   19.444
1435   -9.25088   36.0988   17.6281
1436   -12.5987   35.4954   17.7445
1437   -5.32083   37.0142   19.5497
1438   -1.94188   37.5785   19.6197
1439   -1.97335   37.287   17.5445
1440   -5.37501   36.6867   17.514
1441   2.04863   38.1888   24.122
1442   5.36206   37.4163   23.9057
1443   5.53338   38.1039   22.154
1444   2.10573   37.9156   22.0029
1445   9.245   36.6358   23.8817
1446   12.6307   35.6343   23.897
1447   12.6795   36.0532   22.0914
1448   9.36462   36.9645   22.0513
1449   16.2697   34.3877   24.045
1450   19.5937   32.6682   24.1064
1451   19.6895   33.085   22.1997
1452   16.5873   34.7468   22.2274
1453   22.9152   30.7127   24.1491
1454   25.596   28.3312   24.0876
1455   25.7666   28.6829   22.2399
1456   23.1074   30.8427   22.2433
1457   28.5027   25.6343   24.2155
1458   30.5436   22.746   24.0513
1459   30.8183   23.103   22.2761
1460   29.0408   26.0939   22.4613
1461   32.6948   19.446   23.9918
1462   33.713   16.1172   23.6518
1463   34.4261   16.6004   22.0605
1464   32.5099   19.4489   21.9121
1465   35.4163   12.5641   23.7944
1466   36.6134   9.20711   23.8704
1467   36.8305   9.40132   22.0173
1468   35.7051   12.6662   21.9753
1469   37.7423   5.46069   24.0851
1470   37.6528   1.9874   23.808
1471   37.9407   2.01716   21.9414
1472   38.0285   5.52362   22.1687
1473   38.0939   -2.06039   24.1248
1474   37.6745   -5.45173   24.1092
1475   37.806   -5.4262   22.1497
1476   37.839   -1.86761   21.9472
1477   37.2655   -9.31581   24.3064
1478   36.2589   -12.9038   24.3506
1479   36.1281   -12.7658   22.1976
1480   37.1125   -9.36947   22.0847
1481   34.2306   -16.518   23.9516
1482   32.4265   -19.2882   23.8616
1483   32.7302   -19.426   22.0671
1484   34.1849   -16.5008   21.9361
1485   30.6218   -22.8413   24.0929
1486   28.3014   -25.5347   24.1181
1487   28.5683   -25.7714   22.262
1488   30.7734   -22.9969   22.219
1489   25.4714   -28.2622   24.0302
1490   22.8322   -30.5299   24.1487
1491   22.9839   -30.6178   22.1406
1492   25.3056   -28.1253   21.8725
1493   19.6127   -32.8075   24.1885
1494   16.3753   -34.4297   24.0451
1495   16.5019   -34.57   22.167
1496   19.4448   -32.853   22.0741
1497   12.7017   -35.8584   24.0696
1498   9.32221   -36.9771   24.0786
1499   9.45753   -37.0167   22.1082
1500   12.7243   -35.9415   22.075
1501   5.44112   -37.5787   24.0281
1502   1.99087   -37.6782   23.9049
1503   1.99074   -38.189   22.1333
1504   5.44505   -38.0837   22.2802
1505   -1.90375   -37.9558   23.9966
1506   -5.55209   -37.5668   24.0592
1507   -5.50878   -37.6699   22.0039
1508   -1.93073   -38.1232   22.1052
1509   -9.35868   -36.7583   23.9851
1510   -12.8354   -36.2969   24.3389
1511   -12.76   -36.2373   22.1905
1512   -9.39681   -37.1492   22.1807
1513   -16.3507   -34.2738   24.0116
1514   -19.5788   -32.7654   24.114
1515   -19.6793   -33.2084   22.2815
1516   -16.6661   -34.8339   22.3076
1517   -22.8789   -30.6778   24.1824
1518   -25.533   -28.276   24.0315
1519   -25.5772   -28.6175   22.1817
1520   -23.0492   -30.7524   22.2319
1521   -28.2817   -25.5425   24.0903
1522   -30.0646   -22.5575   23.8153
1523   -30.7236   -22.9748   22.1224
1524   -28.5716   -25.6697   22.216
1525   -32.4303   -19.2037   23.8393
1526   -34.4438   -16.3778   24.0402
1527   -34.4372   -16.3777   22.0592
1528   -32.6519   -19.4239   22.0413
1529   -35.9977   -12.6858   24.0481
1530   -36.6428   -9.32696   23.8777
1531   -37.2413   -9.56185   22.1984
1532   -35.8206   -12.6715   21.9687
1533   -36.8694   -5.44061   23.635
1534   -38.0375   -1.93174   23.9932
1535   -38.0354   -1.961   21.9929
1536   -37.8624   -5.42972   22.0406
1537   -37.8831   1.9549   24.008
1538   -37.5267   5.48685   23.985
1539   -37.9443   5.47671   22.1321
1540   -38.2574   2.07751   22.1258
1541   -36.7942   9.31387   24.0075
1542   -36.0322   12.8733   24.2469
1543   -35.9647   12.6247   22.0607
1544   -37.1799   9.39807   22.1222
1545   -34.4988   16.4305   24.2228
1546   -32.6436   19.5083   24.0857
1547   -32.9444   19.5874   22.1797
1548   -34.3291   16.3454   22.0314
1549   -30.2921   22.7498   23.9307
1550   -28.182   25.4419   24.0248
1551   -28.3476   25.5304   22.0033
1552   -30.5268   22.8802   22.1635
1553   -25.2621   28.0204   23.8753
1554   -22.4528   30.2976   23.8802
1555   -23.0711   30.9031   22.2749
1556   -25.5605   28.6034   22.1664
1557   -19.4832   32.7071   23.9689
1558   -16.2631   34.0931   23.9215
1559   -16.4852   34.3822   22.0972
1560   -19.539   32.7494   22.0258
1561   -12.8271   35.8398   24.0313
1562   -9.3629   37.0694   24.1535
1563   -9.37369   37.2281   22.1343
1564   -12.7229   36.0701   22.16
1565   -5.463   37.5147   23.9186
1566   -2.0116   38.2363   24.1845
1567   -1.83297   38.0319   22.0267
1568   -5.44854   37.6541   22.0377
1569   2.04234   39.1122   29.2914
1570   5.6423   39.1715   29.5534
1571   5.7967   39.5243   27.4404
1572   2.15824   39.6281   27.4187
1573   9.76794   37.9367   29.2411
1574   13.1111   36.791   29.2169
1575   13.2622   37.4995   27.4209
1576   9.83421   38.5312   27.4745
1577   16.8876   35.4166   29.3547
1578   20.1548   33.6902   29.3654
1579   20.2267   34.0398   27.4681
1580   16.9991   35.8027   27.3863
1581   23.537   31.4143   29.345
1582   26.6221   29.4518   29.6347
1583   26.5859   29.5949   27.4368
1584   23.8062   31.7397   27.381
1585   29.4532   26.5225   29.6846
1586   31.581   23.5369   29.4811
1587   32.0871   23.9087   27.6016
1588   29.6433   26.7445   27.4972
1589   33.6894   20.066   29.3373
1590   35.6232   16.9729   29.4411
1591   35.7534   17.1794   27.3472
1592   34.3254   20.3732   27.5254
1593   36.883   12.9743   29.2572
1594   37.6998   9.5012   29.1049
1595   38.4362   9.7187   27.419
1596   36.9878   13.0536   27.0812
1597   39.0985   5.74631   29.5449
1598   39.4298   2.07147   29.4927
1599   39.3306   2.0691   27.1835
1600   39.3242   5.73854   27.4914
1601   38.8544   -2.06779   29.0769
1602   38.8762   -5.66707   29.35
1603   38.8796   -5.65102   27.1813
1604   39.7427   -2.08993   27.4703
1605   38.4148   -9.57546   29.6027
1606   36.9758   -13.1157   29.3837
1607   37.6127   -13.3122   27.596
1608   37.9895   -9.6273   27.1764
1609   35.647   -16.9131   29.4307
1610   33.882   -20.3272   29.5006
1611   34.0995   -20.4074   27.4776
1612   36.004   -17.315   27.4941
1613   31.6245   -23.6568   29.4758
1614   29.1109   -26.3698   29.3326
1615   29.5338   -26.4654   27.3603
1616   31.6667   -23.6361   27.3533
1617   26.2716   -29.2858   29.3429
1618   23.5962   -31.5086   29.364
1619   23.679   -31.6167   27.302
1620   26.5466   -29.5233   27.4137
1621   19.8597   -33.3252   29.0155
1622   16.9303   -35.364   29.3104
1623   17.0927   -35.7122   27.3586
1624   20.2092   -34.2299   27.4448
1625   13.1145   -37.1698   29.4404
1626   9.66676   -37.9239   29.2695
1627   9.78409   -38.4573   27.3769
1628   13.2591   -37.3764   27.403
1629   5.75832   -39.3543   29.7692
1630   2.04631   -38.8056   29.1494
1631   2.1053   -39.4848   27.4274
1632   5.62666   -39.1555   27.3364
1633   -2.09559   -39.5141   29.56
1634   -5.72529   -39.0733   29.5663
1635   -5.64885   -39.4097   27.4549
1636   -2.03748   -39.3284   27.22
1637   -9.5576   -37.7171   29.0965
1638   -13.1524   -37.0659   29.3268
1639   -13.2321   -37.2168   27.2742
1640   -9.69313   -38.2758   27.2755
1641   -16.9177   -35.4783   29.3987
1642   -19.9567   -33.7421   29.281
1643   -20.0777   -33.9257   27.2594
1644   -16.8584   -35.7784   27.2866
1645   -23.4276   -31.4332   29.2688
1646   -26.0191   -28.93   29.0359
1647   -26.5256   -29.5934   27.3715
1648   -23.9141   -32.1005   27.6651
1649   -29.378   -26.3437   29.4306
1650   -31.3859   -23.4153   29.3039
1651   -31.6357   -23.7689   27.3767
1652   -29.4327   -26.5608   27.3365
1653   -33.625   -20.0252   29.281
1654   -35.4845   -16.9153   29.4003
1655   -35.8315   -17.1312   27.4092
1656   -33.982   -20.1872   27.2917
1657   -37.5304   -13.2498   29.7366
1658   -38.5049   -9.82999   29.696
1659   -39.0844   -9.99632   27.7609
1660   -37.5079   -13.2238   27.5471
1661   -39.1571   -5.82111   29.5069
1662   -39.4919   -2.11841   29.601
1663   -40.4581   -2.17635   27.9673
1664   -39.9112   -5.71642   27.7855
1665   -39.3683   2.0893   29.5066
1666   -38.8822   5.62343   29.4197
1667   -39.9591   5.81316   27.832
1668   -39.5695   2.11181   27.3375
1669   -38.0305   9.66577   29.3318
1670   -36.8671   12.9734   29.256
1671   -37.65   13.3765   27.5327
1672   -38.1101   9.70678   27.2378
1673   -35.4576   16.9158   29.3606
1674   -33.3372   19.772   29.0155
1675   -34.4079   20.3285   27.6086
1676   -36.0802   17.19   27.5528
1677   -31.5699   23.5411   29.4477
1678   -29.1208   26.2291   29.3036
1679   -29.4577   26.4602   27.3366
1680   -31.7079   23.7918   27.3654
1681   -26.1713   29.01   29.2706
1682   -23.4736   31.5069   29.4156
1683   -23.7382   31.6891   27.4047
1684   -26.3722   29.3586   27.3188
1685   -20.0546   33.8322   29.4152
1686   -16.932   35.5022   29.4244
1687   -17.0241   35.6895   27.3317
1688   -20.0911   34.0341   27.2286
1689   -13.0362   37.1075   29.4853
1690   -9.57206   37.8393   29.1717
1691   -9.64869   38.2386   27.2592
1692   -13.2074   37.6121   27.519
1693   -5.73008   39.2687   29.6028
1694   -2.08278   39.5133   29.4592
1695   -2.08135   39.6196   27.3767
1696   -5.66541   39.2985   27.4069
1697   2.06751   39.384   34.5139
1698   5.74694   39.1919   34.5856
1699   5.72145   39.9993   32.6917
1700   2.25215   39.8742   32.3451
1701   9.7212   37.9545   34.2723
1702   13.181   36.9436   34.27
1703   13.2803   37.5157   32.3013
1704   10.0245   38.9987   32.66
1705   16.8304   35.1326   34.0785
1706   20.0512   33.6446   34.2148
1707   20.7702   34.812   32.8233
1708   17.2443   35.9736   32.3543
1709   23.5492   31.383   34.3417
1710   26.451   29.309   34.5215
1711   26.971   29.8771   32.6301
1712   23.979   31.8948   32.4035
1713   29.2248   26.342   34.315
1714   31.327   23.3736   34.0945
1715   31.8157   23.6802   32.2513
1716   29.797   26.6937   32.4512
1717   33.8138   20.0229   34.3341
1718   35.3355   16.8752   34.2794
1719   36.0562   17.2972   32.4076
1720   34.4817   20.5742   32.4801
1721   36.8185   12.9871   34.0957
1722   37.9825   9.582   34.2714
1723   39.0812   9.9989   32.6125
1724   37.8547   13.2658   32.564
1725   38.6087   5.51765   34.0904
1726   39.018   1.99245   34.1675
1727   39.606   2.02713   32.1863
1728   39.3418   5.67862   32.2265
1729   39.294   -2.15231   34.407
1730   38.8992   -5.67678   34.3487
1731   39.8432   -5.72442   32.647
1732   39.7116   -2.13422   32.2715
1733   38.2064   -9.78949   34.4802
1734   37.0531   -13.1311   34.2617
1735   37.7069   -13.3829   32.4434
1736   38.9643   -9.96234   32.6095
1737   35.3563   -16.8925   34.2899
1738   33.8878   -20.3137   34.4652
1739   34.3937   -20.5174   32.4391
1740   36.4178   -17.3952   32.6745
1741   31.8765   -23.743   34.6544
1742   29.1761   -26.4002   34.3864
1743   29.6382   -26.7432   32.3961
1744   31.7445   -23.862   32.2143
1745   25.9804   -28.9599   33.9729
1746   23.3824   -31.2431   34.2228
1747   23.8566   -31.9095   32.3424
1748   26.3788   -29.4511   32.0943
1749   20.0067   -33.6882   34.329
1750   16.8188   -35.499   34.2906
1751   17.155   -35.9603   32.3492
1752   20.3436   -34.4998   32.5001
1753   13.164   -36.963   34.3021
1754   9.65687   -38.2809   34.4735
1755   9.84694   -38.7808   32.4641
1756   13.5298   -38.0079   32.7087
1757   5.67685   -38.9754   34.4137
1758   1.95648   -38.7438   34.0057
1759   2.11895   -39.7749   32.3811
1760   5.78522   -39.7551   32.5269
1761   -2.03324   -38.9703   34.1684
1762   -5.54276   -38.5157   34.0174
1763   -5.73133   -39.7235   32.4694
1764   -2.14874   -39.8815   32.4249
1765   -9.74713   -38.4749   34.7292
1766   -13.2537   -37.4182   34.6594
1767   -13.3615   -37.8935   32.6759
1768   -10.0139   -39.099   32.7318
1769   -16.9478   -35.5153   34.4139
1770   -20.0756   -33.8616   34.3643
1771   -20.1434   -34.1247   32.0823
1772   -17.4367   -36.2481   32.5888
1773   -23.4411   -31.478   34.3652
1774   -26.597   -29.4831   34.6142
1775   -26.839   -29.8528   32.6066
1776   -23.9862   -32.0665   32.5038
1777   -29.0965   -26.1369   34.1435
1778   -31.6002   -23.5733   34.4028
1779   -31.956   -23.8942   32.3363
1780   -29.8888   -26.8258   32.6089
1781   -33.904   -20.0427   34.4544
1782   -35.7691   -17.0241   34.5791
1783   -35.9729   -17.1269   32.4573
1784   -34.4293   -20.4192   32.4499
1785   -36.6824   -12.9632   34.0312
1786   -38.2333   -9.62432   34.4476
1787   -39.3485   -9.97808   32.9287
1788   -37.4809   -13.0856   32.238
1789   -39.3763   -5.72166   34.7335
1790   -39.5262   -1.96464   34.5959
1791   -40.4407   -2.1153   32.8861
1792   -40.0703   -5.76327   32.8094
1793   -39.2247   1.95322   34.3531
1794   -39.2442   5.60058   34.5656
1795   -39.8601   5.8364   32.7434
1796   -39.7511   2.07783   32.2691
1797   -38.2412   9.68921   34.4353
1798   -36.5446   12.9732   33.8555
1799   -37.2291   13.2245   32.0629
1800   -38.0503   9.74039   31.8979
1801   -35.4428   16.8908   34.2999
1802   -33.383   19.9347   33.9367
1803   -34.5682   20.405   32.6351
1804   -35.8984   17.1196   32.3072
1805   -31.5017   23.575   34.3723
1806   -29.2544   26.4707   34.5037
1807   -29.5167   26.6419   32.2681
1808   -31.5798   23.6494   32.1561
1809   -26.234   29.1763   34.3107
1810   -23.6566   31.8011   34.5712
1811   -24.0436   32.0435   32.4758
1812   -26.4923   29.4968   32.1602
1813   -19.9932   33.6785   34.2774
1814   -16.9523   35.678   34.5403
1815   -17.1174   36.3014   32.5207
1816   -20.5147   34.711   32.6521
1817   -13.1808   37.3082   34.4533
1818   -9.49744   37.8371   34.106
1819   -9.88574   38.9011   32.5677
1820   -13.2895   37.9496   32.5467
1821   -5.5401   38.7647   34.1091
1822   -1.93242   39.2282   34.2909
1823   -2.10001   40.3899   32.8643
1824   -5.72001   39.4237   32.3253
1825   1.93298   38.5284   38.954
1826   5.64292   38.6373   39.4731
1827   5.59957   39.4021   37.5378
1828   2.12812   39.7602   37.5484
1829   9.50146   37.8259   39.4441
1830   12.8879   36.5753   39.1529
1831   13.1139   37.3548   37.3754
1832   9.86104   38.8436   37.7097
1833   16.8769   35.406   39.6196
1834   19.8484   33.2388   39.1552
1835   20.0714   33.8938   37.2276
1836   17.2561   35.8838   37.557
1837   22.9576   30.8405   38.9522
1838   25.755   28.5865   38.9765
1839   26.8244   29.8076   37.8108
1840   23.8916   31.7692   37.4596
1841   28.8258   25.8989   39.173
1842   31.1756   23.3401   39.353
1843   31.9343   23.8561   37.6591
1844   29.6038   26.623   37.6185
1845   33.2736   19.8585   39.2341
1846   35.1778   16.7754   39.4063
1847   35.7891   17.0116   37.3683
1848   34.1905   20.2288   37.4487
1849   36.7282   12.9954   39.4134
1850   37.3185   9.56818   38.9116
1851   38.6254   9.76231   37.5195
1852   37.2415   13.1277   37.2139
1853   38.5567   5.6206   39.3569
1854   38.295   1.94172   38.8375
1855   39.5433   1.98813   37.3454
1856   39.5439   5.73378   37.7351
1857   38.601   -1.97227   39.1148
1858   38.2126   -5.45434   39.0578
1859   39.3993   -5.67103   37.6326
1860   39.6563   -2.17711   37.5483
1861   37.7785   -9.6302   39.4501
1862   36.5447   -13.08   39.3256
1863   37.7215   -13.4217   37.7962
1864   39.0908   -9.96805   37.995
1865   34.9763   -16.7326   39.2051
1866   33.3823   -19.8598   39.3995
1867   33.8657   -20.0323   37.184
1868   35.8312   -17.1913   37.4771
1869   30.9934   -23.0835   39.1755
1870   28.97   -26.0111   39.3224
1871   29.6299   -26.6758   37.5473
1872   32.0285   -23.8764   37.6089
1873   25.7861   -28.6472   39.0631
1874   23.2409   -31.1884   39.321
1875   23.5653   -31.6363   37.2588
1876   26.3848   -29.2998   37.1911
1877   19.905   -33.2416   39.1655
1878   16.565   -34.8303   38.997
1879   17.1613   -35.7776   37.3528
1880   20.3802   -34.2396   37.6245
1881   12.9291   -36.4932   39.1056
1882   9.40923   -37.276   38.8836
1883   9.75302   -38.5535   37.4832
1884   13.19   -37.1707   37.1877
1885   5.58758   -38.218   39.1112
1886   1.92137   -38.6243   39.1059
1887   2.11405   -39.6551   37.5366
1888   5.68137   -39.7031   37.7726
1889   -2.04082   -38.4208   38.9564
1890   -5.56507   -38.1537   38.9882
1891   -5.68746   -39.6764   37.7623
1892   -2.23373   -39.6197   37.5166
1893   -9.47034   -37.6299   39.2333
1894   -13.027   -36.6119   39.2384
1895   -13.2839   -37.835   37.7482
1896   -9.81656   -38.336   37.3619
1897   -16.9201   -35.2954   39.5506
1898   -19.9173   -33.5952   39.5507
1899   -20.4438   -34.5072   37.7793
1900   -17.4213   -36.1954   37.8668
1901   -23.3532   -31.3842   39.5806
1902   -26.0647   -28.9984   39.5093
1903   -26.5317   -29.6983   37.4951
1904   -23.7536   -31.7918   37.3907
1905   -28.8616   -26.0428   39.1889
1906   -31.3222   -23.3798   39.5058
1907   -31.6377   -23.6955   37.3072
1908   -29.3096   -26.447   37.1843
1909   -33.222   -19.7711   39.0106
1910   -35.1934   -16.6721   39.4066
1911   -36.0918   -17.3321   37.6954
1912   -34.3304   -20.5086   37.7554
1913   -36.6232   -13.0089   39.3873
1914   -37.6431   -9.52382   39.2641
1915   -38.7476   -9.88493   37.6831
1916   -37.6539   -13.2036   37.5564
1917   -38.5136   -5.61476   39.291
1918   -38.7331   -1.94816   39.1925
1919   -39.7622   -2.14466   37.571
1920   -39.5087   -5.67406   37.5779
1921   -39.2019   2.00961   39.6784
1922   -37.9536   5.58324   38.822
1923   -39.7235   5.73243   37.828
1924   -39.8436   2.08651   37.5655
1925   -37.2973   9.35988   38.9274
1926   -36.469   12.8657   39.2497
1927   -37.6679   13.251   37.6525
1928   -38.8793   9.87754   37.8881
1929   -35.0903   16.7332   39.2835
1930   -33.7288   20.0907   39.697
1931   -34.4265   20.3918   37.6774
1932   -36.1136   17.3048   37.8331
1933   -30.8531   23.0677   39.0124
1934   -28.9235   26.0102   39.4211
1935   -29.8133   26.817   37.8232
1936   -31.7818   23.9008   37.468
1937   -25.7191   28.7075   39.0209
1938   -23.3411   31.301   39.458
1939   -23.9511   31.9312   37.6713
1940   -26.6554   29.6516   37.6361
1941   -19.6538   33.2043   39.0985
1942   -16.672   34.9081   39.2279
1943   -17.3872   36.3071   37.8776
1944   -20.3164   34.3002   37.6157
1945   -12.875   36.5482   39.2608
1946   -9.38292   37.491   39.2132
1947   -9.85489   38.6642   37.654
1948   -13.3045   37.6429   37.6194
1949   -5.55165   38.4322   39.1631
1950   -2.00876   38.8723   39.4545
1951   -2.06127   39.2766   37.0386
1952   -5.57551   39.0017   37.1969
1953   1.8539   35.5434   41.9486
1954   5.12121   35.0549   41.7782
1955   5.39988   36.9983   40.7413
1956   1.89409   37.3454   40.8158
1957   8.68936   34.5497   41.9629
1958   11.9538   33.6984   42.1916
1959   12.7037   35.4795   41.2588
1960   9.00704   35.876   40.3928
1961   15.4116   32.4112   42.2312
1962   18.3109   30.7686   42.1538
1963   19.0119   31.7577   40.4501
1964   16.011   33.723   40.7709
1965   21.3687   28.7332   42.2345
1966   23.8896   26.3558   41.9973
1967   25.088   27.7551   40.839
1968   22.1334   29.6757   40.4977
1969   26.5887   23.9284   42.179
1970   28.7472   21.4134   42.2672
1971   30.1045   22.4841   40.9822
1972   27.6568   24.9753   40.6889
1973   30.4741   18.2256   41.9005
1974   32.5467   15.3982   42.4506
1975   33.6251   15.961   40.5997
1976   32.1841   19.1508   40.8657
1977   33.9224   12.0735   42.3998
1978   34.6103   8.68748   42.1256
1979   35.811   9.0193   40.2568
1980   35.1285   12.5586   40.6676
1981   35.4216   5.10155   42.1813
1982   35.7682   1.85324   42.2115
1983   37.0036   1.8124   40.4497
1984   36.8375   5.33445   40.5765
1985   35.9523   -1.87095   42.3817
1986   35.2638   -5.20458   41.9489
1987   36.7673   -5.42578   40.6158
1988   37.0216   -1.83441   40.5108
1989   34.6864   -8.79452   42.2339
1990   33.6013   -11.9977   42.1305
1991   34.8506   -12.4387   40.4301
1992   36.3164   -9.05009   40.876
1993   32.255   -15.3429   42.0523
1994   30.8851   -18.3919   42.3518
1995   32.0696   -19.2425   40.7905
1996   33.7845   -16.1583   40.8916
1997   29.0407   -21.6629   42.664
1998   26.4848   -23.9551   42.124
1999   27.6134   -25.0759   40.6392
2000   29.7068   -22.1145   40.3431
2001   23.9845   -26.6802   42.2791
2002   21.3903   -28.6096   42.2147
2003   21.972   -29.4911   40.1453
2004   24.9939   -27.7447   40.7239
2005   18.3297   -30.7402   42.2055
2006   15.2514   -32.0926   41.9439
2007   15.832   -33.5505   40.4653
2008   18.9815   -31.8031   40.3832
2009   11.9361   -33.5217   42.0077
2010   8.75663   -34.5031   41.9313
2011   9.00915   -36.0251   40.4935
2012   12.2891   -34.7909   40.3518
2013   5.12091   -35.4574   42.1951
2014   1.88564   -35.7646   42.1672
2015   1.81164   -37.101   40.6248
2016   5.34029   -36.5605   40.4344
2017   -1.87235   -35.576   41.9949
2018   -5.21994   -35.1491   41.9012
2019   -5.46494   -36.8597   40.6731
2020   -1.7618   -37.2965   40.8014
2021   -8.72426   -34.6152   42.13
2022   -11.8539   -33.6289   42.0308
2023   -12.395   -34.9169   40.379
2024   -9.214   -36.1684   40.7432
2025   -15.2831   -32.3547   42.2002
2026   -18.3028   -30.735   42.0807
2027   -19.0687   -32.0984   40.7932
2028   -15.9139   -33.6401   40.6152
2029   -21.3619   -28.7557   42.0848
2030   -24.0479   -26.5357   42.1231
2031   -25.0597   -27.8887   40.9187
2032   -22.3286   -30.0637   40.9186
2033   -26.4548   -23.9058   42.0461
2034   -28.6387   -21.2199   42.0796
2035   -29.8447   -22.2254   40.7067
2036   -27.5495   -24.9043   40.5608
2037   -30.4475   -18.1292   41.8544
2038   -32.2043   -15.286   41.9618
2039   -33.404   -15.8514   40.3747
2040   -31.8687   -19.0316   40.6019
2041   -33.7191   -11.9715   42.1981
2042   -34.945   -8.75466   42.4588
2043   -36.0085   -9.19881   40.6121
2044   -35.0587   -12.3951   40.6488
2045   -35.6433   -5.19927   42.4679
2046   -35.6608   -1.8087   41.964
2047   -37.2812   -1.96637   40.8025
2048   -36.7907   -5.44469   40.589
2049   -35.6717   1.85311   42.0244
2050   -35.4947   5.29483   42.2512
2051   -36.7865   5.50683   40.5527
2052   -37.3932   1.82725   40.8632
2053   -34.9108   8.82118   42.4671
2054   -33.6601   12.0137   42.0666
2055   -34.9324   12.3383   40.4496
2056   -36.1564   9.21142   40.8347
2057   -32.3939   15.3511   42.3473
2058   -30.5968   18.238   42.0378
2059   -32.1846   19.2655   40.9455
2060   -33.3662   15.758   40.3576
2061   -28.8205   21.4088   42.4254
2062   -26.4945   23.9555   42.1115
2063   -27.4205   24.814   40.3695
2064   -29.8065   22.2687   40.5754
2065   -23.8289   26.4289   41.9275
2066   -21.4381   28.7018   42.1391
2067   -22.0645   29.6455   40.4398
2068   -25.0107   27.6443   40.6698
2069   -18.374   30.5781   41.9932
2070   -15.3493   32.1591   42.0314
2071   -16.0763   33.6118   40.675
2072   -18.9149   31.5996   40.3077
2073   -11.9265   33.6589   42.0496
2074   -8.90089   34.7166   42.206
2075   -9.15469   36.0731   40.6686
2076   -12.4773   35.049   40.6267
2077   -5.18928   35.5806   42.4233
2078   -1.82568   35.6058   42.0751
2079   -1.88374   37.2396   40.7418
2080   -5.5177   36.8308   40.7109
2081   1.62702   32.2433   44.9557
2082   4.61454   31.8921   45.0359
2083   4.93656   33.756   43.8787
2084   1.70923   33.8634   43.7182
2085   7.96296   31.4001   45.2048
2086   10.8832   30.5493   45.2515
2087   11.5669   32.5299   44.4407
2088   8.36789   33.2205   44.0537
2089   13.8381   29.1687   45.0195
2090   16.544   27.768   45.1355
2091   17.5031   29.3309   44.0041
2092   14.59   30.7829   43.8581
2093   19.4975   26.1766   45.5254
2094   21.7003   24.0755   45.1351
2095   22.7878   25.278   43.8849
2096   20.4105   27.4417   43.9379
2097   23.9994   21.6414   45.025
2098   26.009   19.382   45.242
2099   27.2511   20.3363   43.7679
2100   25.3293   22.9007   43.8466
2101   27.7537   16.5252   45.0297
2102   29.1648   13.9307   45.1137
2103   30.6809   14.5579   43.6974
2104   29.1456   17.4554   43.7874
2105   30.4169   10.7824   45.0858
2106   31.4152   7.856   45.199
2107   32.8217   8.26278   43.5428
2108   32.1643   11.3741   43.8332
2109   32.0733   4.78154   45.2807
2110   32.0678   1.63476   44.8795
2111   33.6863   1.71098   43.3912
2112   33.7488   4.87571   43.8659
2113   32.5532   -1.68474   45.466
2114   32.1402   -4.72267   45.2401
2115   33.8447   -4.95154   44.0319
2116   33.881   -1.80313   43.6187
2117   31.4395   -7.97486   45.2807
2118   30.59   -10.9246   45.3538
2119   31.9518   -11.3386   43.6696
2120   33.0442   -8.28774   43.8407
2121   29.335   -13.9249   45.2762
2122   27.8224   -16.6424   45.1687
2123   29.2236   -17.3625   43.7488
2124   30.8641   -14.6383   43.9535
2125   25.9861   -19.3321   45.1859
2126   23.9579   -21.5553   45.1382
2127   25.2731   -22.7105   43.6664
2128   27.5127   -20.4673   44.106
2129   21.7572   -24.1485   45.2921
2130   19.3124   -26.0183   45.178
2131   20.1894   -27.1732   43.5804
2132   22.7906   -25.3634   43.92
2133   16.61   -27.8577   45.1522
2134   13.9386   -29.2825   45.2211
2135   14.6493   -30.6644   43.7563
2136   17.4749   -29.1229   43.6458
2137   10.8374   -30.5661   45.2468
2138   7.98637   -31.3277   45.0206
2139   8.28121   -32.9579   43.7062
2140   11.5143   -32.3326   44.1276
2141   4.73754   -32.1609   45.2936
2142   1.6732   -32.2536   45.0441
2143   1.77828   -34.0761   43.8293
2144   4.82941   -33.7021   43.8668
2145   -1.65676   -32.5669   45.4445
2146   -4.67905   -32.0202   45.1911
2147   -5.02816   -33.8979   44.0406
2148   -1.7005   -33.8326   43.6701
2149   -7.92831   -31.5542   45.421
2150   -10.9741   -30.8049   45.7513
2151   -11.4975   -32.3404   44.0341
2152   -8.33581   -32.9521   43.7003
2153   -14.0191   -29.5059   45.4499
2154   -16.5261   -27.7769   45.085
2155   -17.525   -29.3735   43.9555
2156   -14.5953   -30.6495   43.6812
2157   -19.3002   -25.8515   45.0126
2158   -21.6763   -24.1326   45.1989
2159   -22.8112   -25.3235   43.8232
2160   -20.2364   -27.3209   43.6431
2161   -24.08   -21.7466   45.2887
2162   -26.0492   -19.4545   45.2896
2163   -27.4735   -20.4624   44.1017
2164   -25.4272   -22.9345   44.0285
2165   -27.7091   -16.5771   45.1208
2166   -29.1547   -13.8513   45.0351
2167   -30.6327   -14.5675   43.6673
2168   -29.0597   -17.4356   43.6588
2169   -30.5988   -10.7818   45.3476
2170   -31.5043   -7.91371   45.2698
2171   -33.2252   -8.3766   44.035
2172   -31.9867   -11.3414   43.7322
2173   -32.1685   -4.6251   45.366
2174   -32.3346   -1.72504   45.1575
2175   -34.1201   -1.75526   43.9714
2176   -33.7007   -4.92563   43.9061
2177   -32.4523   1.7216   45.2142
2178   -32.2819   4.67603   45.5642
2179   -33.6515   4.9607   43.8847
2180   -34.0731   1.69029   43.9274
2181   -31.4768   7.95921   45.184
2182   -30.7775   10.937   45.6132
2183   -32.113   11.3884   43.8852
2184   -32.858   8.33958   43.6667
2185   -29.3611   13.9248   45.2675
2186   -27.9607   16.6689   45.4926
2187   -29.3647   17.5474   44.0037
2188   -30.7107   14.6487   43.7605
2189   -26.1189   19.4905   45.3967
2190   -23.9844   21.6067   45.06
2191   -25.3171   22.7591   43.7909
2192   -27.3413   20.311   43.9077
2193   -21.7187   24.1677   45.3522
2194   -19.3178   25.9237   45.1198
2195   -20.3533   27.3636   43.9465
2196   -22.851   25.4297   43.9566
2197   -16.7146   27.993   45.4741
2198   -13.9409   29.5003   45.4941
2199   -14.4547   30.564   43.5138
2200   -17.6177   29.4687   44.154
2201   -10.9267   30.7052   45.4321
2202   -7.96198   31.4111   45.1379
2203   -8.41271   33.0379   43.9298
2204   -11.4527   32.1909   43.9479
2205   -4.66151   32.0504   45.2733
2206   -1.63193   32.4417   45.3432
2207   -1.78931   34.0001   43.8876
2208   -4.91602   33.9707   44.1698
2209   1.44136   28.6709   47.7885
2210   4.10811   28.1934   47.596
2211   4.30011   29.7885   46.1388
2212   1.55655   30.61   46.8071
2213   6.99875   27.7812   47.8276
2214   9.58387   26.9821   47.7916
2215   10.3545   28.8664   46.863
2216   7.47039   29.6097   46.6732
2217   12.3073   25.8392   47.7962
2218   14.6979   24.7158   47.9795
2219   15.6444   26.2135   46.6114
2220   13.1254   27.6854   46.6089
2221   17.205   23.1054   48.0293
2222   19.2441   21.2557   47.6888
2223   20.545   22.8056   46.8818
2224   18.2482   24.6221   46.7338
2225   21.2629   19.1533   47.7328
2226   23.1134   17.2242   48.0489
2227   24.7172   18.3801   47.0493
2228   22.6373   20.4882   46.595
2229   24.7188   14.7336   48.0678
2230   25.94   12.3461   47.8966
2231   27.5498   13.1089   46.6459
2232   26.4556   15.7834   47.0541
2233   27.0823   9.61793   47.8565
2234   27.884   7.03846   47.8777
2235   29.8182   7.49422   46.8668
2236   28.8362   10.2086   46.7523
2237   28.449   4.15016   47.9057
2238   28.4167   1.51771   47.4887
2239   30.5446   1.5937   46.6835
2240   30.2592   4.47765   46.6397
2241   28.7372   -1.42106   47.962
2242   28.4871   -4.22443   47.9704
2243   30.42   -4.46403   46.9003
2244   30.5519   -1.53529   46.7018
2245   27.7999   -7.04237   47.8793
2246   27.1416   -9.61393   47.9984
2247   28.9868   -10.2957   46.947
2248   29.699   -7.53169   46.7374
2249   26.1747   -12.3908   48.2492
2250   24.6772   -14.6718   47.9296
2251   25.9945   -15.5186   46.1728
2252   27.3862   -13.0296   46.3321
2253   22.9393   -17.0442   47.7315
2254   21.3716   -19.197   47.9915
2255   22.6208   -20.4457   46.4831
2256   24.6517   -18.3398   46.7549
2257   19.3374   -21.3869   47.9257
2258   17.2916   -23.2563   48.2137
2259   18.1367   -24.4048   46.4177
2260   20.4603   -22.6564   46.6453
2261   14.6899   -24.592   47.7706
2262   12.3207   -25.9657   47.9934
2263   13.1565   -27.8448   47.0326
2264   15.6311   -26.1495   46.4889
2265   9.63601   -27.0026   47.7851
2266   7.06007   -27.8621   47.9696
2267   7.56469   -29.6115   46.7681
2268   10.2251   -28.7607   46.6636
2269   4.19547   -28.5729   48.0938
2270   1.44824   -28.6471   47.8434
2271   1.5219   -30.5001   46.6052
2272   4.32459   -30.2006   46.6631
2273   -1.45921   -28.985   48.2066
2274   -4.16856   -28.4552   47.9488
2275   -4.50154   -30.348   46.881
2276   -1.57687   -30.63   46.7962
2277   -7.0403   -28.0517   48.219
2278   -9.69752   -27.1216   48.0064
2279   -10.2137   -28.8303   46.7194
2280   -7.52598   -29.8872   46.9737
2281   -12.2861   -25.8069   47.6204
2282   -14.7111   -24.6902   47.9545
2283   -15.5401   -26.0718   46.4292
2284   -13.2015   -27.5666   46.5885
2285   -16.9893   -22.8963   47.4994
2286   -19.3008   -21.3227   47.9162
2287   -20.5821   -22.7579   46.7884
2288   -18.2866   -24.5195   46.6992
2289   -21.1945   -19.2298   47.8028
2290   -23.0874   -17.1432   47.957
2291   -24.6512   -18.3514   46.8735
2292   -22.6485   -20.5216   46.5663
2293   -24.6917   -14.7563   47.9008
2294   -26.0348   -12.3744   47.9869
2295   -27.2667   -12.9875   46.1782
2296   -26.0629   -15.5406   46.3296
2297   -27.1386   -9.70261   47.8996
2298   -27.6742   -6.93347   47.4829
2299   -29.4206   -7.47673   46.4033
2300   -28.6836   -10.273   46.5562
2301   -28.4546   -4.18483   47.9046
2302   -28.5149   -1.4018   47.6342
2303   -30.3519   -1.52462   46.4276
2304   -29.9113   -4.43962   46.2476
2305   -28.6988   1.46578   47.803
2306   -28.5904   4.15434   48.0676
2307   -30.2946   4.41136   46.7673
2308   -30.4667   1.61101   46.6746
2309   -27.7251   7.02655   47.6374
2310   -26.9789   9.64871   47.8227
2311   -29.0228   10.337   46.9586
2312   -29.6587   7.54244   46.6946
2313   -25.8149   12.3146   47.6191
2314   -24.6338   14.584   47.6784
2315   -26.1128   15.6256   46.4964
2316   -27.4654   13.0317   46.4324
2317   -22.9024   17.0291   47.672
2318   -21.3449   19.2768   47.9097
2319   -22.7789   20.5678   46.8321
2320   -24.4842   18.1563   46.4816
2321   -19.1678   21.2769   47.7037
2322   -17.2068   23.0083   47.8645
2323   -18.1974   24.4905   46.6239
2324   -20.5576   22.772   46.7929
2325   -14.7212   24.7692   48.0405
2326   -12.4015   26.2802   48.3358
2327   -13.1227   27.788   46.9124
2328   -15.6916   26.3289   46.8475
2329   -9.75085   27.4656   48.505
2330   -7.00475   27.8366   47.8761
2331   -7.46528   29.6116   46.7616
2332   -10.2695   28.9616   47.0031
2333   -4.17883   28.5068   47.9079
2334   -1.50803   28.5471   47.769
2335   -1.58055   30.6275   46.7432
2336   -4.35313   30.2238   46.6095
2337   13.7031   16.9433   51.3581
2338   15.1693   18.6249   49.5937
2339   16.6297   20.4344   48.9076
2340   21.5624   2.34171   51.1833
2341   24.1456   2.41298   49.9243
2342   26.1201   2.54242   48.8088
2343   16.9774   -13.6481   51.2771
2344   18.7999   -15.3247   50.0175
2345   20.5774   -16.6667   49.1952
2346   2.35913   -21.5784   51.1309
2347   2.51087   -24.1517   50.0565
2348   2.68647   -26.2111   49.0308
2349   -13.6203   -16.8878   51.0305
2350   -15.2898   -18.7809   49.9524
2351   -16.6716   -20.414   48.9266
2352   -21.5413   -2.34314   51.0985
2353   -23.9232   -2.40643   49.4986
2354   -26.1188   -2.78265   48.7487
2355   -16.8331   13.5794   50.8345
2356   -18.7254   15.2811   49.8021
2357   -20.3991   16.5865   48.8736
2358   -2.34198   21.5097   51.0617
2359   -2.51775   24.0455   49.9099
2360   -2.60632   26.1181   48.7863
2361   9.93341   18.7544   51.0189
2362   11.3644   21.3126   49.8556
2363   12.4124   23.3594   49.0748
2364   20.2459   6.25734   50.8293
2365   23.1595   7.14701   49.9292
2366   25.2349   7.6398   49.0258
2367   18.9526   -9.92086   51.1549
2368   21.633   -11.4074   50.3377
2369   23.2915   -12.4006   49.0951
2370   6.30515   -20.3316   50.9707
2371   7.15932   -23.2444   50.1006
2372   7.70598   -25.1837   48.9395
2373   -10.0128   -18.8953   51.0796
2374   -11.4681   -21.5437   50.3421
2375   -12.4172   -23.3396   49.0422
2376   -20.2278   -6.29053   50.8209
2377   -23.2678   -7.14943   50.0489
2378   -25.1807   -7.70029   48.8124
2379   -18.8238   10.0438   51.2074
2380   -21.3348   11.4004   49.9028
2381   -23.2777   12.3382   48.9937
2382   -6.23081   20.3734   50.9497
2383   -6.99706   22.949   49.4466
2384   -7.69265   25.1231   48.777
2385   6.14452   20.2962   50.7273
2386   6.94157   23.1366   49.8492
2387   7.62286   25.316   49.1172
2388   18.8906   10.1107   51.1363
2389   21.4335   11.5018   50.116
2390   23.2506   12.4542   49.0699
2391   20.4349   -6.18873   51.0231
2392   23.349   -7.12634   50.3342
2393   25.1551   -7.57951   48.6978
2394   10.0541   -18.8006   50.964
2395   11.4406   -21.4311   50.042
2396   12.4722   -23.2525   48.9912
2397   -6.24464   -20.4298   51.0359
2398   -7.09998   -23.3281   50.1836
2399   -7.58886   -25.3291   49.0731
2400   -18.7744   -10.0347   50.9422
2401   -21.325   -11.3512   49.88
2402   -23.2367   -12.5386   49.0086
2403   -20.439   6.22057   51.0863
2404   -23.2686   7.05625   50.0485
2405   -25.3462   7.67625   49.1509
2406   -10.1147   18.9247   51.361
2407   -11.3893   21.3265   49.8016
2408   -12.3615   23.2603   49.0366
2409   2.27151   21.6571   51.28
2410   2.40008   24.0106   49.6794
2411   2.58896   26.2171   48.9246
2412   16.8387   13.7051   51.0881
2413   18.761   15.287   49.7899
2414   20.4082   16.7339   49.0575
2415   21.6147   -2.30479   51.0907
2416   24.133   -2.41694   49.9519
2417   25.9685   -2.62069   48.4684
2418   13.765   -16.912   51.2902
2419   15.5081   -18.9189   50.4234
2420   16.7505   -20.3929   48.9357
2421   -2.31084   -21.467   50.9439
2422   -2.33706   -24.0956   49.8875
2423   -2.63646   -26.2221   48.971
2424   -16.7898   -13.6558   50.829
2425   -18.7139   -15.3457   49.8969
2426   -20.4639   -16.8387   49.2756
2427   -21.5439   2.23807   50.9145
2428   -24.0898   2.44626   49.912
2429   -26.1393   2.50082   48.5885
2430   -13.761   16.8529   51.1546
2431   -15.4047   18.7614   49.8593
2432   -16.712   20.2953   48.7437
